#! FIELDS time opes.bias opes.rct opes.zed opes.neff opes.nker phi psi
#! SET min_phi -pi
#! SET max_phi pi
#! SET min_psi -pi
#! SET max_psi pi
 0.000000  -2.0000  -2.0000   1.0000   1.0585   0.0000  -3.1416   3.1416
 0.000000  -2.0000  -2.0000   1.0000   1.0585   0.0000  -3.1416   3.1416
 0.200000  -2.0000  -2.0000   1.0000   1.0585   0.0000  -2.3571   2.7366
 0.400000  -2.0000  -2.0000   1.0000   1.0585   0.0000  -1.6086   2.4788
 0.600000  -2.0000  -2.0000   1.0000   1.0585   0.0000  -2.0185   2.6429
 0.800000  -2.0000  -2.0000   1.0000   1.0585   0.0000  -2.1157   2.8771
 1.000000  -2.0000  -2.0000   1.0000   1.0585   0.0000  -1.7667   2.7797
 1.200000  -2.0000  -2.0000   1.0000   1.0585   0.0000  -1.2958   2.9066
 1.400000  -2.0000  -2.0000   1.0000   1.0585   0.0000  -1.4485   3.0361
 1.600000  -2.0000  -2.0000   1.0000   1.0585   0.0000  -1.2541   2.5571
 1.800000  -2.0000  -2.0000   1.0000   1.0585   0.0000  -1.4891   2.6036
 2.000000  -2.0000  -2.0000   1.0000   1.0585   0.0000  -1.3088   2.7680
 2.200000  -2.0000  -2.0000   1.0000   1.0585   0.0000  -1.2930   2.1538
 2.400000  -2.0000  -2.0000   1.0000   1.0585   0.0000  -1.3207   2.3054
 2.600000  -2.0000  -2.0000   1.0000   1.0585   0.0000  -1.2311   2.3411
 2.800000  -2.0000  -2.0000   1.0000   1.0585   0.0000  -1.2532   2.4247
 3.000000  -2.0000  -2.0000   1.0000   1.0585   0.0000  -1.0066   2.0018
 3.200000  -2.0000  -2.0000   1.0000   1.0585   0.0000  -1.3119   2.2330
 3.400000  -2.0000  -2.0000   1.0000   1.0585   0.0000  -1.4913   2.4524
 3.600000  -2.0000  -2.0000   1.0000   1.0585   0.0000  -1.8763   2.7294
 3.800000  -2.0000  -2.0000   1.0000   1.0585   0.0000  -1.6397   2.4902
 4.000000  -2.0000  -2.0000   1.0000   1.0585   0.0000  -1.7888   2.2116
 4.200000  -2.0000  -2.0000   1.0000   1.0585   0.0000  -1.1752   2.0454
 4.400000  -2.0000  -2.0000   1.0000   1.0585   0.0000  -2.0092   1.8130
 4.600000  -2.0000  -2.0000   1.0000   1.0585   0.0000  -2.5802   2.4433
 4.800000  -2.0000  -2.0000   1.0000   1.0585   0.0000  -2.6962   2.4807
 5.000000  -2.0000  -2.0000   1.0000   1.0585   0.0000  -2.8542   2.9118
 5.200000  -2.0000  -2.0000   1.0000   1.0585   0.0000  -2.7051   2.0766
 5.400000  -2.0000  -2.0000   1.0000   1.0585   0.0000  -2.5481   2.5939
 5.600000  -2.0000  -2.0000   1.0000   1.0585   0.0000  -2.9442   2.6150
 5.800000  -2.0000  -2.0000   1.0000   1.0585   0.0000  -2.2869   2.4078
 6.000000  -2.0000  -2.0000   1.0000   1.0585   0.0000  -2.3920   2.7759
 6.200000  -2.0000  -2.0000   1.0000   1.0585   0.0000  -2.7697   2.9264
 6.400000  -2.0000  -2.0000   1.0000   1.0585   0.0000  -2.3177   3.1340
 6.600000  -2.0000  -2.0000   1.0000   1.0585   0.0000  -2.7813   2.8280
 6.800000  -2.0000  -2.0000   1.0000   1.0585   0.0000  -2.2786   2.7794
 7.000000  -2.0000  -2.0000   1.0000   1.0585   0.0000  -2.5736   2.2730
 7.200000  -2.0000  -2.0000   1.0000   1.0585   0.0000  -2.1061   2.4457
 7.400000  -2.0000  -2.0000   1.0000   1.0585   0.0000  -2.6888   2.9061
 7.600000  -2.0000  -2.0000   1.0000   1.0585   0.0000  -1.3993   2.9377
 7.800000  -2.0000  -2.0000   1.0000   1.0585   0.0000  -2.0275   2.3086
 8.000000  -2.0000  -2.0000   1.0000   1.0585   0.0000  -1.9099   2.5718
 8.200000  -2.0000  -2.0000   1.0000   1.0585   0.0000  -2.7062   2.6455
 8.400000  -2.0000  -2.0000   1.0000   1.0585   0.0000  -2.1148   2.7409
 8.600000  -2.0000  -2.0000   1.0000   1.0585   0.0000  -2.5677   2.4514
 8.800000  -2.0000  -2.0000   1.0000   1.0585   0.0000  -2.8214   2.7810
 9.000000  -2.0000  -2.0000   1.0000   1.0585   0.0000  -2.6393   3.1153
 9.200000  -2.0000  -2.0000   1.0000   1.0585   0.0000  -2.6602   2.8783
 9.400000  -2.0000  -2.0000   1.0000   1.0585   0.0000  -2.8746   2.6480
 9.600000  -2.0000  -2.0000   1.0000   1.0585   0.0000  -2.6471   2.5879
 9.800000  -2.0000  -2.0000   1.0000   1.0585   0.0000  -2.1610   2.6131
 10.000000  -2.0000  -2.0000   0.4801   1.1803   2.0000  -1.6625   2.6439
 10.200000   0.2990  -2.0000   0.4801   1.1803   2.0000  -1.8596   2.6881
 10.400000   0.2979  -2.0000   0.4801   1.1803   2.0000  -1.8839   2.7260
 10.600000  -0.7124  -2.0000   0.4801   1.1803   2.0000  -2.9615   2.7856
 10.800000  -0.1955  -2.0000   0.4801   1.1803   2.0000  -2.5815   2.8109
 11.000000  -0.4856  -0.7969   0.5585   2.9277   4.0000  -2.8049   2.7847
 11.200000   0.4620  -0.7969   0.5585   2.9277   4.0000  -2.8093   2.7109
 11.400000   0.4988  -0.7969   0.5585   2.9277   4.0000  -2.2111   2.7450
 11.600000   0.6314  -0.7969   0.5585   2.9277   4.0000  -2.4245   2.8427
 11.800000  -0.6716  -0.7969   0.5585   2.9277   4.0000  -1.1463   2.3436
 12.000000  -0.8260  -0.7062   0.5168   4.4208   4.0000  -1.0547   2.2860
 12.200000   0.8230  -0.7062   0.5168   4.4208   4.0000  -1.6221   2.5466
 12.400000   0.7255  -0.7062   0.5168   4.4208   4.0000  -1.8888   2.6511
 12.600000   0.7204  -0.7062   0.5168   4.4208   4.0000  -0.9994   2.4402
 12.800000   0.7032  -0.7062   0.5168   4.4208   4.0000  -1.3763   2.3247
 13.000000   0.6015  -0.1652   0.6031   4.3453   3.0000  -0.8157   2.5920
 13.200000   0.6083  -0.1652   0.6031   4.3453   3.0000  -1.1245   2.3372
 13.400000   0.7417  -0.1652   0.6031   4.3453   3.0000  -1.0924   2.4618
 13.600000   0.2435  -0.1652   0.6031   4.3453   3.0000  -1.1372   2.1541
 13.800000   0.7289  -0.1652   0.6031   4.3453   3.0000  -1.0506   2.4563
 14.000000  -0.1286  -0.0567   0.5893   5.9155   4.0000  -1.1569   2.0238
 14.200000  -0.0129  -0.0567   0.5893   5.9155   4.0000  -1.5165   1.9521
 14.400000   0.1004  -0.0567   0.5893   5.9155   4.0000  -1.3268   1.9524
 14.600000  -1.2478  -0.0567   0.5893   5.9155   4.0000  -1.5009   1.5509
 14.800000  -1.0049  -0.0567   0.5893   5.9155   4.0000  -1.5336   1.6266
 15.000000  -0.0113  -0.0859   0.5586   6.9557   5.0000  -1.6948   2.0222
 15.200000   0.5538  -0.0859   0.5586   6.9557   5.0000  -1.2751   1.9796
 15.400000   0.1316  -0.0859   0.5586   6.9557   5.0000  -0.9802   1.8660
 15.600000  -0.7489  -0.0859   0.5586   6.9557   5.0000  -1.3266   1.5547
 15.800000  -1.9317  -0.0859   0.5586   6.9557   5.0000  -1.0590   1.1926
 16.000000  -0.5356  -0.0392   0.5224   8.2111   6.0000  -1.6236   1.5957
 16.200000  -1.4067  -0.0392   0.5224   8.2111   6.0000  -0.8158   1.2904
 16.400000  -0.1862  -0.0392   0.5224   8.2111   6.0000  -1.0628   1.6320
 16.600000  -0.3684  -0.0392   0.5224   8.2111   6.0000  -0.6403   1.7924
 16.800000   0.6205  -0.0392   0.5224   8.2111   6.0000  -1.0919   2.1087
 17.000000   0.6731   0.0935   0.5754   9.6658   6.0000  -1.1897   2.1030
 17.200000   0.6732   0.0935   0.5754   9.6658   6.0000  -1.4889   2.5517
 17.400000  -0.2451   0.0935   0.5754   9.6658   6.0000  -1.2468   2.9918
 17.600000   0.0433   0.0935   0.5754   9.6658   6.0000  -0.9534   2.8367
 17.800000   0.9441   0.0935   0.5754   9.6658   6.0000  -1.1882   2.3027
 18.000000   0.8627   0.1696   0.5930  10.4503   6.0000  -1.2477   2.4238
 18.200000   0.3729   0.1696   0.5930  10.4503   6.0000  -1.2046   2.7624
 18.400000   0.6180   0.1696   0.5930  10.4503   6.0000  -1.9798   2.3346
 18.600000   0.2447   0.1696   0.5930  10.4503   6.0000  -2.3381   2.2462
 18.800000  -0.0222   0.1696   0.5930  10.4503   6.0000  -2.9993   2.4896
 19.000000   0.3217   0.1561   0.5692  11.5618   7.0000  -2.5232   2.4520
 19.200000   0.5008   0.1561   0.5692  11.5618   7.0000  -2.4207   3.0275
 19.400000   0.6908   0.1561   0.5692  11.5618   7.0000  -2.3991   2.8903
 19.600000   0.5590   0.1561   0.5692  11.5618   7.0000  -2.6644   2.3306
 19.800000   0.6937   0.1561   0.5692  11.5618   7.0000  -2.6131   2.4409
 20.000000   0.7437   0.2613   0.5999  12.6678   7.0000  -2.6621   2.5330
 20.200000   0.8500   0.2613   0.5999  12.6678   7.0000  -2.5350   2.5377
 20.400000   0.6990   0.2613   0.5999  12.6678   7.0000  -2.7200   2.8913
 20.600000   0.7841   0.2613   0.5999  12.6678   7.0000  -2.7697   2.7774
 20.800000  -0.6391   0.2613   0.5999  12.6678   7.0000  -1.8959  -3.0486
 21.000000  -0.2472   0.2249   0.5085  13.0972   9.0000  -1.2126   2.9235
 21.200000   1.0260   0.2249   0.5085  13.0972   9.0000  -1.2497   2.4714
 21.400000  -0.3990   0.2249   0.5085  13.0972   9.0000  -1.6021   1.5074
 21.600000  -0.8934   0.2249   0.5085  13.0972   9.0000  -1.6296   1.2604
 21.800000  -1.4256   0.2249   0.5085  13.0972   9.0000  -1.3902   0.8728
 22.000000  -1.2095   0.1835   0.4240  13.1968  11.0000  -1.3037   0.9458
 22.200000  -1.6282   0.1835   0.4240  13.1968  11.0000  -0.9501   0.4500
 22.400000  -0.7664   0.1835   0.4240  13.1968  11.0000  -1.6434   0.8681
 22.600000  -1.5356   0.1835   0.4240  13.1968  11.0000  -1.0322   0.4743
 22.800000  -1.6769   0.1835   0.4240  13.1968  11.0000  -1.3658   0.3206
 23.000000  -1.7893   0.1441   0.3533  13.2462  13.0000  -1.1264   0.3140
 23.200000  -0.6879   0.1441   0.3533  13.2462  13.0000  -1.3466   0.3552
 23.400000  -0.6381   0.1441   0.3533  13.2462  13.0000  -1.1480   0.4033
 23.600000  -1.1665   0.1441   0.3533  13.2462  13.0000  -1.1202  -0.0560
 23.800000  -0.9945   0.1441   0.3533  13.2462  13.0000  -1.1991   0.0417
 24.000000  -1.7818   0.2210   0.3321  12.0943  14.0000  -1.3498  -0.4034
 24.200000  -1.3252   0.2210   0.3321  12.0943  14.0000  -0.7548  -0.4819
 24.400000  -0.6362   0.2210   0.3321  12.0943  14.0000  -1.4638  -0.0505
 24.600000  -0.6911   0.2210   0.3321  12.0943  14.0000  -1.4953  -0.1996
 24.800000  -0.7189   0.2210   0.3321  12.0943  14.0000  -1.7077   0.0220
 25.000000  -0.7669   0.2747   0.3286  12.5219  15.0000  -1.8516   0.0454
 25.200000  -1.1779   0.2747   0.3286  12.5219  15.0000  -2.7908   0.1511
 25.400000  -0.8879   0.2747   0.3286  12.5219  15.0000  -2.4820  -0.1543
 25.600000  -1.7980   0.2747   0.3286  12.5219  15.0000  -2.6369  -0.6134
 25.800000  -2.0000   0.2747   0.3286  12.5219  15.0000  -2.8543  -0.9130
 26.000000  -1.8776   0.2820   0.3011  13.5302  16.0000  -3.0588  -0.4004
 26.200000  -1.0531   0.2820   0.3011  13.5302  16.0000  -2.7926  -0.5464
 26.400000  -0.4890   0.2820   0.3011  13.5302  16.0000  -2.3340   0.1698
 26.600000  -0.7699   0.2820   0.3011  13.5302  16.0000  -2.7362   0.1187
 26.800000  -0.4370   0.2820   0.3011  13.5302  16.0000  -2.1352   0.2402
 27.000000  -0.5022   0.3213   0.3083  14.3229  15.0000  -2.2948   0.2159
 27.200000  -0.7495   0.3213   0.3083  14.3229  15.0000  -2.4741   0.6836
 27.400000  -0.0088   0.3213   0.3083  14.3229  15.0000  -2.2079  -0.0244
 27.600000  -0.4717   0.3213   0.3083  14.3229  15.0000  -2.1727   0.5978
 27.800000  -0.5789   0.3213   0.3083  14.3229  15.0000  -2.6545   0.4248
 28.000000  -0.9240   0.3378   0.2920  15.3819  16.0000  -2.8658   0.5245
 28.200000  -0.3284   0.3378   0.2920  15.3819  16.0000  -2.8865   0.1695
 28.400000  -0.1653   0.3378   0.2920  15.3819  16.0000  -2.7167   0.0533
 28.600000  -0.5657   0.3378   0.2920  15.3819  16.0000  -2.3867  -0.4255
 28.800000   0.0083   0.3378   0.2920  15.3819  16.0000  -2.4810   0.0859
 29.000000   0.0181   0.3787   0.2913  16.2822  16.0000  -2.3501   0.2787
 29.200000   0.1391   0.3787   0.2913  16.2822  16.0000  -2.5295   0.3921
 29.400000   0.3016   0.3787   0.2913  16.2822  16.0000  -2.1641   0.0605
 29.600000  -0.3307   0.3787   0.2913  16.2822  16.0000  -2.3829  -0.3868
 29.800000  -1.5701   0.3787   0.2913  16.2822  16.0000  -1.9581  -0.9265
 30.000000  -1.2311   0.3814   0.2870  17.3044  16.0000  -1.2835  -0.7558
 30.200000  -0.4057   0.3814   0.2870  17.3044  16.0000  -1.4377  -0.5936
 30.400000  -0.5224   0.3814   0.2870  17.3044  16.0000  -1.1205  -0.4654
 30.600000  -0.5557   0.3814   0.2870  17.3044  16.0000  -1.0667  -0.1546
 30.800000  -0.4690   0.3814   0.2870  17.3044  16.0000  -1.1668   0.3161
 31.000000  -0.6969   0.4185   0.2888  17.6762  16.0000  -0.9836   0.4259
 31.200000   0.0127   0.4185   0.2888  17.6762  16.0000  -1.6553   0.1022
 31.400000  -0.6745   0.4185   0.2888  17.6762  16.0000  -0.9726  -0.5448
 31.600000  -0.7523   0.4185   0.2888  17.6762  16.0000  -1.0975  -0.8183
 31.800000  -0.5454   0.4185   0.2888  17.6762  16.0000  -1.0219  -0.4160
 32.000000  -0.8215   0.4505   0.2853  18.2166  16.0000  -1.0371  -0.8290
 32.200000  -0.3037   0.4505   0.2853  18.2166  16.0000  -1.4773  -0.7448
 32.400000  -0.4871   0.4505   0.2853  18.2166  16.0000  -1.4248  -0.9849
 32.600000  -0.7478   0.4505   0.2853  18.2166  16.0000  -1.1527  -1.2075
 32.800000  -0.2378   0.4505   0.2853  18.2166  16.0000  -1.5779  -0.5260
 33.000000  -0.2136   0.4843   0.2834  18.8789  16.0000  -1.1452  -0.7372
 33.200000  -0.3117   0.4843   0.2834  18.8789  16.0000  -0.9689  -1.0193
 33.400000   0.0113   0.4843   0.2834  18.8789  16.0000  -1.1955  -0.8255
 33.600000   0.0638   0.4843   0.2834  18.8789  16.0000  -1.3615  -0.6291
 33.800000   0.1064   0.4843   0.2834  18.8789  16.0000  -1.2206  -0.4601
 34.000000  -0.1681   0.5353   0.2844  18.4199  16.0000  -0.9538  -0.8536
 34.200000   0.0957   0.5353   0.2844  18.4199  16.0000  -1.0035  -0.3371
 34.400000   0.1837   0.5353   0.2844  18.4199  16.0000  -1.0695  -0.4094
 34.600000   0.1624   0.5353   0.2844  18.4199  16.0000  -1.0719  -0.3653
 34.800000   0.1236   0.5353   0.2844  18.4199  16.0000  -1.0366  -0.3379
 35.000000  -0.1100   0.5396   0.2948  19.5755  17.0000  -0.7863  -0.4976
 35.200000   0.2406   0.5396   0.2948  19.5755  17.0000  -0.9104  -0.8314
 35.400000   0.3114   0.5396   0.2948  19.5755  17.0000  -0.9122  -0.5874
 35.600000   0.2745   0.5396   0.2948  19.5755  17.0000  -1.2391  -0.3056
 35.800000   0.3474   0.5396   0.2948  19.5755  17.0000  -0.9697  -0.5370
 36.000000  -0.0330   0.5404   0.2954  20.6932  17.0000  -1.3017   0.1372
 36.200000  -0.1381   0.5404   0.2954  20.6932  17.0000  -0.8619  -1.0929
 36.400000  -0.1725   0.5404   0.2954  20.6932  17.0000  -0.7265  -0.9741
 36.600000   0.3822   0.5404   0.2954  20.6932  17.0000  -1.0692  -0.7201
 36.800000  -0.2169   0.5404   0.2954  20.6932  17.0000  -1.7102  -0.5087
 37.000000   0.4040   0.5705   0.3004  21.8432  17.0000  -1.1323  -0.6648
 37.200000   0.3356   0.5705   0.3004  21.8432  17.0000  -1.1159  -0.9273
 37.400000   0.3842   0.5705   0.3004  21.8432  17.0000  -1.3525  -0.6403
 37.600000   0.0337   0.5705   0.3004  21.8432  17.0000  -1.1417  -1.1321
 37.800000   0.4773   0.5705   0.3004  21.8432  17.0000  -1.0289  -0.3606
 38.000000   0.4254   0.6201   0.3048  21.4909  17.0000  -1.1236  -0.1893
 38.200000   0.4343   0.6201   0.3048  21.4909  17.0000  -1.2050   0.0385
 38.400000   0.2932   0.6201   0.3048  21.4909  17.0000  -1.2472   0.1878
 38.600000   0.6125   0.6201   0.3048  21.4909  17.0000  -1.0357  -0.2988
 38.800000   0.2946   0.6201   0.3048  21.4909  17.0000  -1.3635   0.1404
 39.000000   0.6523   0.6485   0.3099  22.8925  17.0000  -1.1334  -0.3365
 39.200000   0.4757   0.6485   0.3099  22.8925  17.0000  -1.4573  -0.2195
 39.400000  -0.5239   0.6485   0.3099  22.8925  17.0000  -0.5435  -0.9988
 39.600000   0.7173   0.6485   0.3099  22.8925  17.0000  -1.1099  -0.6286
 39.800000   0.6450   0.6485   0.3099  22.8925  17.0000  -1.3376  -0.3663
 40.000000  -0.2968   0.6730   0.3029  23.5638  18.0000  -0.5778  -0.8854
 40.200000   0.4836   0.6730   0.3029  23.5638  18.0000  -1.4059  -0.1026
 40.400000   0.6370   0.6730   0.3029  23.5638  18.0000  -1.2643  -0.1621
 40.600000   0.7804   0.6730   0.3029  23.5638  18.0000  -1.0943  -0.5369
 40.800000   0.6092   0.6730   0.3029  23.5638  18.0000  -1.2338  -0.0950
 41.000000   0.3799   0.7042   0.3064  24.2459  18.0000  -1.2839   0.1383
 41.200000   0.5632   0.7042   0.3064  24.2459  18.0000  -1.2384   0.0968
 41.400000   0.0332   0.7042   0.3064  24.2459  18.0000  -1.8005  -0.0455
 41.600000  -0.2813   0.7042   0.3064  24.2459  18.0000  -2.4497   0.1816
 41.800000  -0.3748   0.7042   0.3064  24.2459  18.0000  -2.3320   0.4429
 42.000000  -0.7400   0.6880   0.2933  24.3249  19.0000  -2.5499   0.7408
 42.200000  -0.4437   0.6880   0.2933  24.3249  19.0000  -2.8315   0.1267
 42.400000  -1.5823   0.6880   0.2933  24.3249  19.0000  -2.5133  -0.8307
 42.600000  -1.2928   0.6880   0.2933  24.3249  19.0000  -1.9539  -0.9836
 42.800000  -0.6856   0.6880   0.2933  24.3249  19.0000  -2.4830  -0.3286
 43.000000   0.0444   0.6783   0.2904  24.8791  19.0000  -1.8118  -0.0457
 43.200000   0.2576   0.6783   0.2904  24.8791  19.0000  -1.8023   0.1829
 43.400000  -0.1796   0.6783   0.2904  24.8791  19.0000  -2.5873   0.0339
 43.600000  -0.2918   0.6783   0.2904  24.8791  19.0000  -2.1006  -0.3457
 43.800000   0.0280   0.6783   0.2904  24.8791  19.0000  -2.0402  -0.1526
 44.000000   0.0572   0.6672   0.2859  25.3017  20.0000  -2.3349   0.1710
 44.200000  -1.2124   0.6672   0.2859  25.3017  20.0000   3.0440  -0.1685
 44.400000   0.1347   0.6672   0.2859  25.3017  20.0000  -2.5293   0.1938
 44.600000  -0.2799   0.6672   0.2859  25.3017  20.0000  -2.8177   0.4458
 44.800000   0.5332   0.6672   0.2859  25.3017  20.0000  -1.5567  -0.0951
 45.000000   0.7902   0.6614   0.2723  26.0003  21.0000  -1.1259  -0.3028
 45.200000   0.3994   0.6614   0.2723  26.0003  21.0000  -1.5955  -0.5123
 45.400000   0.7034   0.6614   0.2723  26.0003  21.0000  -0.8477  -0.2610
 45.600000   0.9082   0.6614   0.2723  26.0003  21.0000  -1.0640  -0.1975
 45.800000   0.7179   0.6614   0.2723  26.0003  21.0000  -0.8767  -0.2054
 46.000000   0.8107   0.6565   0.2712  26.7480  21.0000  -0.9158  -0.5802
 46.200000   0.9646   0.6565   0.2712  26.7480  21.0000  -0.9455  -0.5496
 46.400000   1.0123   0.6565   0.2712  26.7480  21.0000  -1.0082  -0.3489
 46.600000   0.8740   0.6565   0.2712  26.7480  21.0000  -1.1697  -0.7288
 46.800000   1.0187   0.6565   0.2712  26.7480  21.0000  -1.0274  -0.3308
 47.000000   0.6206   0.6500   0.2769  27.4343  21.0000  -0.7872  -0.7888
 47.200000   0.8644   0.6500   0.2769  27.4343  21.0000  -0.8253  -0.6596
 47.400000   1.0179   0.6500   0.2769  27.4343  21.0000  -0.9560  -0.5117
 47.600000   0.9957   0.6500   0.2769  27.4343  21.0000  -1.0896  -0.6494
 47.800000   1.0269   0.6500   0.2769  27.4343  21.0000  -1.1715  -0.4812
 48.000000   0.7643   0.6452   0.2687  28.1907  22.0000  -1.3958  -0.5140
 48.200000   0.8129   0.6452   0.2687  28.1907  22.0000  -0.7404  -0.5341
 48.400000   1.0806   0.6452   0.2687  28.1907  22.0000  -0.9234  -0.5466
 48.600000   1.0826   0.6452   0.2687  28.1907  22.0000  -1.0984  -0.2149
 48.800000   1.0465   0.6452   0.2687  28.1907  22.0000  -1.0275  -0.2091
 49.000000   0.9791   0.6467   0.2690  29.3417  23.0000  -1.2698  -0.1072
 49.200000   1.1607   0.6467   0.2690  29.3417  23.0000  -1.1347  -0.6499
 49.400000   0.6490   0.6467   0.2690  29.3417  23.0000  -1.6199  -0.5600
 49.600000   0.8864   0.6467   0.2690  29.3417  23.0000  -0.7819  -0.6304
 49.800000   1.1232   0.6467   0.2690  29.3417  23.0000  -1.3463  -0.4829
 50.000000   1.1340   0.6662   0.2704  31.3145  23.0000  -1.3524  -0.4128
 50.200000   1.2727   0.6662   0.2704  31.3145  23.0000  -0.9572  -0.3636
 50.400000   1.1114   0.6662   0.2704  31.3145  23.0000  -1.4618  -0.4788
 50.600000   0.7617   0.6662   0.2704  31.3145  23.0000  -1.0179  -1.0080
 50.800000   0.6743   0.6662   0.2704  31.3145  23.0000  -0.7197  -0.8388
 51.000000   1.0479   0.6862   0.2730  33.2188  23.0000  -1.5116  -0.4108
 51.200000   1.0465   0.6862   0.2730  33.2188  23.0000  -0.7850  -0.3327
 51.400000   1.0960   0.6862   0.2730  33.2188  23.0000  -1.4524  -0.0049
 51.600000   0.9867   0.6862   0.2730  33.2188  23.0000  -0.8068  -0.7375
 51.800000   0.1309   0.6862   0.2730  33.2188  23.0000  -2.0860   0.3459
 52.000000   0.8078   0.6824   0.2803  34.0875  24.0000  -1.6357   0.0432
 52.200000   1.0729   0.6824   0.2803  34.0875  24.0000  -1.5993  -0.2553
 52.400000   1.3691   0.6824   0.2803  34.0875  24.0000  -1.2047  -0.6234
 52.600000   0.9568   0.6824   0.2803  34.0875  24.0000  -1.0517  -0.9094
 52.800000   0.8398   0.6824   0.2803  34.0875  24.0000  -1.7161  -0.3428
 53.000000   1.1507   0.6853   0.2786  35.2032  23.0000  -1.5374  -0.1692
 53.200000   1.4001   0.6853   0.2786  35.2032  23.0000  -1.0022  -0.2885
 53.400000   1.5479   0.6853   0.2786  35.2032  23.0000  -1.1974  -0.3614
 53.600000   0.9511   0.6853   0.2786  35.2032  23.0000  -0.8881  -0.8248
 53.800000   0.3243   0.6853   0.2786  35.2032  23.0000  -0.8441  -1.0983
 54.000000   1.3276   0.6931   0.2799  36.2686  23.0000  -0.9860  -0.1966
 54.200000   1.2427   0.6931   0.2799  36.2686  23.0000  -1.5712  -0.1405
 54.400000  -0.3681   0.6931   0.2799  36.2686  23.0000  -1.8308  -0.9879
 54.600000  -0.5352   0.6931   0.2799  36.2686  23.0000  -2.0298  -0.8614
 54.800000   0.0931   0.6931   0.2799  36.2686  23.0000  -2.0734  -0.4238
 55.000000  -0.6537   0.6845   0.2750  36.7078  24.0000  -2.6762  -0.7293
 55.200000   0.2374   0.6845   0.2750  36.7078  24.0000  -2.2691   0.0420
 55.400000   0.6690   0.6845   0.2750  36.7078  24.0000  -1.7441  -0.5591
 55.600000   0.8076   0.6845   0.2750  36.7078  24.0000  -1.7551  -0.3938
 55.800000   1.5455   0.6845   0.2750  36.7078  24.0000  -1.2389  -0.1676
 56.000000   1.0770   0.6857   0.2757  37.8144  24.0000  -1.1424  -0.8692
 56.200000   1.5103   0.6857   0.2757  37.8144  24.0000  -1.3884  -0.3556
 56.400000   1.3635   0.6857   0.2757  37.8144  24.0000  -1.4970  -0.3305
 56.600000   1.3043   0.6857   0.2757  37.8144  24.0000  -1.5180  -0.1363
 56.800000   1.4946   0.6857   0.2757  37.8144  24.0000  -1.0494  -0.2122
 57.000000   1.5222   0.7219   0.2796  39.0267  24.0000  -1.1406  -0.1542
 57.200000   0.8778   0.7219   0.2796  39.0267  24.0000  -1.4826   0.3405
 57.400000  -0.1211   0.7219   0.2796  39.0267  24.0000  -1.6039   0.8958
 57.600000  -0.0165   0.7219   0.2796  39.0267  24.0000  -1.3553   0.9659
 57.800000  -0.5614   0.7219   0.2796  39.0267  24.0000  -1.7259   1.2868
 58.000000   0.3181   0.7140   0.2729  39.4821  25.0000  -1.2905   0.6879
 58.200000   0.2307   0.7140   0.2729  39.4821  25.0000  -1.9199   0.4279
 58.400000  -1.1111   0.7140   0.2729  39.4821  25.0000  -2.0991   1.3419
 58.600000  -1.2634   0.7140   0.2729  39.4821  25.0000  -2.3311   1.4603
 58.800000  -0.2255   0.7140   0.2729  39.4821  25.0000  -2.0110   2.0020
 59.000000  -0.0794   0.7066   0.2777  39.9943  24.0000  -1.1744   1.6363
 59.200000   0.2641   0.7066   0.2777  39.9943  24.0000  -1.2971   0.8893
 59.400000   0.2016   0.7066   0.2777  39.9943  24.0000  -1.4425   0.9436
 59.600000   0.1193   0.7066   0.2777  39.9943  24.0000  -1.5356   0.9343
 59.800000   0.4982   0.7066   0.2777  39.9943  24.0000  -1.3111   0.6776
 60.000000   0.1517   0.6986   0.2772  40.4018  24.0000  -1.5670   0.8409
 60.200000   0.2837   0.6986   0.2772  40.4018  24.0000  -0.9776   0.5698
 60.400000   0.5430   0.6986   0.2772  40.4018  24.0000  -1.3979   0.7534
 60.600000   0.6607   0.6986   0.2772  40.4018  24.0000  -1.4118   0.6356
 60.800000   0.5762   0.6986   0.2772  40.4018  24.0000  -1.5544   0.6226
 61.000000   0.6382   0.6957   0.2791  41.3790  24.0000  -1.1818   0.5768
 61.200000   0.9473   0.6957   0.2791  41.3790  24.0000  -1.4035   0.4769
 61.400000   0.9143   0.6957   0.2791  41.3790  24.0000  -1.0784   0.3476
 61.600000   1.1397   0.6957   0.2791  41.3790  24.0000  -1.4962   0.1857
 61.800000   0.3258   0.6957   0.2791  41.3790  24.0000  -1.8118   0.5344
 62.000000   0.7799   0.6933   0.2785  42.3775  25.0000  -1.3716   0.6527
 62.200000   0.9678   0.6933   0.2785  42.3775  25.0000  -1.6424   0.1924
 62.400000   0.4109   0.6933   0.2785  42.3775  25.0000  -1.9025   0.3135
 62.600000  -0.3591   0.6933   0.2785  42.3775  25.0000  -2.4590   0.5692
 62.800000  -1.2044   0.6933   0.2785  42.3775  25.0000  -2.5254   1.3050
 63.000000  -0.5413   0.6930   0.2795  43.3883  25.0000  -2.6313   0.6890
 63.200000  -0.0035   0.6930   0.2795  43.3883  25.0000  -2.4107   0.3204
 63.400000  -0.1565   0.6930   0.2795  43.3883  25.0000  -2.7182   0.3226
 63.600000  -0.2371   0.6930   0.2795  43.3883  25.0000  -2.6802   0.6290
 63.800000   0.1295   0.6930   0.2795  43.3883  25.0000  -2.0875   0.2887
 64.000000  -0.1890   0.6860   0.2806  43.8494  25.0000  -2.7241   0.4584
 64.200000  -0.1057   0.6860   0.2806  43.8494  25.0000  -2.3649   0.6082
 64.400000  -0.2654   0.6860   0.2806  43.8494  25.0000  -2.8416   0.7586
 64.600000  -0.5450   0.6860   0.2806  43.8494  25.0000  -2.5787   1.0237
 64.800000  -0.0900   0.6860   0.2806  43.8494  25.0000  -2.3310   0.5749
 65.000000   0.1074   0.6821   0.2796  44.6874  25.0000  -2.5755   0.4450
 65.200000  -0.6825   0.6821   0.2796  44.6874  25.0000  -2.8872   1.0698
 65.400000  -1.2687   0.6821   0.2796  44.6874  25.0000  -3.1386   1.1938
 65.600000  -0.7581   0.6821   0.2796  44.6874  25.0000  -2.8634   1.9770
 65.800000   0.1323   0.6821   0.2796  44.6874  25.0000  -2.8539   2.4012
 66.000000   0.3390   0.6754   0.2823  45.1415  24.0000  -2.6877   3.1101
 66.200000   0.7802   0.6754   0.2823  45.1415  24.0000  -2.4069   2.8331
 66.400000   0.6311   0.6754   0.2823  45.1415  24.0000  -2.7678   2.6191
 66.600000   0.8011   0.6754   0.2823  45.1415  24.0000  -2.5740   2.7679
 66.800000   0.7448   0.6754   0.2823  45.1415  24.0000  -2.4454   2.9417
 67.000000   0.2872   0.6698   0.2819  45.7535  25.0000  -2.3229   2.3099
 67.200000   0.6848   0.6698   0.2819  45.7535  25.0000  -2.4544   2.5186
 67.400000   0.8103   0.6698   0.2819  45.7535  25.0000  -2.5166   2.6831
 67.600000   0.7361   0.6698   0.2819  45.7535  25.0000  -2.4711   2.5745
 67.800000   0.0053   0.6698   0.2819  45.7535  25.0000  -2.6254   2.1532
 68.000000  -1.0219   0.6625   0.2817  46.0978  25.0000  -2.7139   1.6408
 68.200000  -0.1556   0.6625   0.2817  46.0978  25.0000  -2.6048   1.9733
 68.400000  -0.5769   0.6625   0.2817  46.0978  25.0000  -2.7004   1.1930
 68.600000  -0.2998   0.6625   0.2817  46.0978  25.0000  -2.4866   0.9218
 68.800000  -0.6152   0.6625   0.2817  46.0978  25.0000  -2.7545   1.2194
 69.000000  -0.6287   0.6572   0.2815  46.6893  25.0000  -2.6642   1.6057
 69.200000  -0.7961   0.6572   0.2815  46.6893  25.0000  -2.2699   1.1750
 69.400000  -0.6342   0.6572   0.2815  46.6893  25.0000  -2.0362   0.9721
 69.600000  -0.2083   0.6572   0.2815  46.6893  25.0000  -2.1221   0.6475
 69.800000   0.9052   0.6572   0.2815  46.6893  25.0000  -1.5820   0.1795
 70.000000   0.0297   0.6527   0.2815  47.3899  25.0000  -1.9415   0.5457
 70.200000  -0.4807   0.6527   0.2815  47.3899  25.0000  -1.9617   1.0781
 70.400000  -0.3349   0.6527   0.2815  47.3899  25.0000  -1.9656   0.9596
 70.600000  -0.3464   0.6527   0.2815  47.3899  25.0000  -2.1497   0.8736
 70.800000   0.0592   0.6527   0.2815  47.3899  25.0000  -1.5706   1.4040
 71.000000   0.4045   0.6521   0.2810  48.5472  25.0000  -1.3005   1.8664
 71.200000   0.9975   0.6521   0.2810  48.5472  25.0000  -1.2266   2.3171
 71.400000   0.6703   0.6521   0.2810  48.5472  25.0000  -0.7489   2.6826
 71.600000  -0.5580   0.6521   0.2810  48.5472  25.0000  -0.4841   1.7991
 71.800000   0.6668   0.6521   0.2810  48.5472  25.0000  -1.0878   2.0673
 72.000000   0.6876   0.6524   0.2823  49.8277  25.0000  -1.4400   2.0912
 72.200000   0.8116   0.6524   0.2823  49.8277  25.0000  -0.9785   2.2291
 72.400000   0.7189   0.6524   0.2823  49.8277  25.0000  -0.8663   2.2876
 72.600000   0.9298   0.6524   0.2823  49.8277  25.0000  -0.9095   2.4912
 72.800000   1.1449   0.6524   0.2823  49.8277  25.0000  -1.5260   2.5936
 73.000000   0.9048   0.6512   0.2776  50.8111  26.0000  -1.2125   2.1632
 73.200000   1.1682   0.6512   0.2776  50.8111  26.0000  -1.4553   2.4352
 73.400000   0.7670   0.6512   0.2776  50.8111  26.0000  -0.7992   2.4102
 73.600000   1.1266   0.6512   0.2776  50.8111  26.0000  -1.1538   2.8282
 73.800000   0.7531   0.6512   0.2776  50.8111  26.0000  -1.0181   2.0290
 74.000000   0.7082   0.6546   0.2779  52.3840  26.0000  -1.0188   1.9872
 74.200000   0.0019   0.6546   0.2779  52.3840  26.0000  -0.7071   1.7504
 74.400000   0.0704   0.6546   0.2779  52.3840  26.0000  -0.7659   1.6935
 74.600000   0.8810   0.6546   0.2779  52.3840  26.0000  -0.9423   2.1732
 74.800000   0.0538   0.6546   0.2779  52.3840  26.0000  -0.7394   1.7301
 75.000000  -0.1159   0.6520   0.2741  53.2777  27.0000  -0.6151   1.8284
 75.200000   0.6449   0.6520   0.2741  53.2777  27.0000  -0.7455   2.2122
 75.400000   1.2465   0.6520   0.2741  53.2777  27.0000  -1.2885   2.4467
 75.600000   1.2483   0.6520   0.2741  53.2777  27.0000  -1.1572   2.4966
 75.800000   1.1842   0.6520   0.2741  53.2777  27.0000  -1.4141   2.4131
 76.000000   1.2437   0.6628   0.2746  55.1713  27.0000  -1.1427   2.5033
 76.200000   1.0261   0.6628   0.2746  55.1713  27.0000  -1.1758   2.9156
 76.400000   0.8988   0.6628   0.2746  55.1713  27.0000  -1.4668   2.9610
 76.600000   0.8967   0.6628   0.2746  55.1713  27.0000  -2.2348   2.6021
 76.800000   0.8692   0.6628   0.2746  55.1713  27.0000  -2.1548   2.6015
 77.000000   1.2213   0.6730   0.2759  57.0943  27.0000  -1.5007   2.5574
 77.200000   1.3424   0.6730   0.2759  57.0943  27.0000  -1.1620   2.6582
 77.400000   0.9940   0.6730   0.2759  57.0943  27.0000  -1.1598   2.9457
 77.600000   1.2964   0.6730   0.2759  57.0943  27.0000  -1.1656   2.7393
 77.800000   1.2493   0.6730   0.2759  57.0943  27.0000  -1.5401   2.5622
 78.000000   1.3525   0.6814   0.2772  58.4777  27.0000  -1.2325   2.4513
 78.200000   1.4186   0.6814   0.2772  58.4777  27.0000  -1.2397   2.5584
 78.400000   1.0634   0.6814   0.2772  58.4777  27.0000  -0.8976   2.3406
 78.600000   1.3997   0.6814   0.2772  58.4777  27.0000  -1.1676   2.5916
 78.800000   1.2901   0.6814   0.2772  58.4777  27.0000  -1.3698   2.3173
 79.000000   0.8922   0.6844   0.2842  60.1203  28.0000  -1.7054   2.2461
 79.200000   0.8480   0.6844   0.2842  60.1203  28.0000  -2.4321   2.3837
 79.400000   0.7216   0.6844   0.2842  60.1203  28.0000  -2.4731   2.2728
 79.600000   0.4354   0.6844   0.2842  60.1203  28.0000  -1.8208   1.9559
 79.800000   1.0350   0.6844   0.2842  60.1203  28.0000  -1.6238   2.2262
 80.000000   1.1694   0.6900   0.2803  61.8196  27.0000  -1.4877   2.2519
 80.200000   0.7535   0.6900   0.2803  61.8196  27.0000  -0.7726   2.7230
 80.400000   1.1537   0.6900   0.2803  61.8196  27.0000  -1.3767   2.8863
 80.600000   0.8503   0.6900   0.2803  61.8196  27.0000  -2.2338   2.9547
 80.800000   1.4652   0.6900   0.2803  61.8196  27.0000  -1.3987   2.5028
 81.000000   1.3545   0.6961   0.2810  62.9449  27.0000  -1.0890   2.6483
 81.200000   1.4282   0.6961   0.2810  62.9449  27.0000  -1.1895   2.2923
 81.400000   0.9249   0.6961   0.2810  62.9449  27.0000  -0.7925   2.6319
 81.600000   1.1808   0.6961   0.2810  62.9449  27.0000  -1.5824   2.2083
 81.800000   0.9315   0.6961   0.2810  62.9449  27.0000  -1.2508   1.8611
 82.000000   0.2144   0.6915   0.2797  63.5911  28.0000  -0.8156   3.0687
 82.200000   1.1074   0.6915   0.2797  63.5911  28.0000  -1.4719   2.9125
 82.400000   0.3865   0.6915   0.2797  63.5911  28.0000  -1.1918  -3.0975
 82.600000   0.4083   0.6915   0.2797  63.5911  28.0000  -1.4848  -3.1214
 82.800000   1.1515   0.6915   0.2797  63.5911  28.0000  -1.0482   2.8689
 83.000000   1.5249   0.7043   0.2810  64.5481  28.0000  -1.2695   2.5386
 83.200000   0.8970   0.7043   0.2810  64.5481  28.0000  -1.0209   1.9278
 83.400000  -0.4717   0.7043   0.2810  64.5481  28.0000  -0.6547   1.4629
 83.600000   1.0242   0.7043   0.2810  64.5481  28.0000  -0.9436   2.0976
 83.800000   1.3145   0.7043   0.2810  64.5481  28.0000  -1.0469   2.2532
 84.000000   1.1521   0.7072   0.2839  65.9702  27.0000  -1.1374   2.0438
 84.200000   1.4957   0.7072   0.2839  65.9702  27.0000  -1.1191   2.5796
 84.400000   1.4475   0.7072   0.2839  65.9702  27.0000  -1.4809   2.6188
 84.600000   1.5242   0.7072   0.2839  65.9702  27.0000  -1.3630   2.5909
 84.800000   1.4979   0.7072   0.2839  65.9702  27.0000  -1.2593   2.3218
 85.000000   1.3042   0.7166   0.2858  67.8359  27.0000  -0.9552   2.5956
 85.200000   0.6961   0.7166   0.2858  67.8359  27.0000  -1.9028   2.9558
 85.400000   0.4835   0.7166   0.2858  67.8359  27.0000  -2.3318  -3.1205
 85.600000   0.9563   0.7166   0.2858  67.8359  27.0000  -2.5640   2.7828
 85.800000   0.6161   0.7166   0.2858  67.8359  27.0000  -2.9237   2.6127
 86.000000   0.9139   0.7147   0.2867  68.7734  27.0000  -2.3830   2.8026
 86.200000   0.6255   0.7147   0.2867  68.7734  27.0000  -2.2635   3.0907
 86.400000   0.8836   0.7147   0.2867  68.7734  27.0000  -2.0729   2.7906
 86.600000   0.3148   0.7147   0.2867  68.7734  27.0000  -2.7876  -2.9740
 86.800000   0.5396   0.7147   0.2867  68.7734  27.0000  -2.2006   3.1141
 87.000000   0.6055   0.7117   0.2870  69.6562  27.0000  -2.6273  -3.0772
 87.200000   1.0527   0.7117   0.2870  69.6562  27.0000  -2.6531   2.7305
 87.400000   0.6669   0.7117   0.2870  69.6562  27.0000  -1.7063   3.0203
 87.600000   1.2417   0.7117   0.2870  69.6562  27.0000  -1.4425   2.8345
 87.800000   1.4249   0.7117   0.2870  69.6562  27.0000  -1.1986   2.7477
 88.000000   1.4919   0.7190   0.2886  70.1849  27.0000  -1.2005   2.6725
 88.200000   1.3855   0.7190   0.2886  70.1849  27.0000  -1.1873   2.8091
 88.400000   1.3604   0.7190   0.2886  70.1849  27.0000  -0.9585   2.5579
 88.600000   1.5268   0.7190   0.2886  70.1849  27.0000  -1.1437   2.4070
 88.800000   1.4945   0.7190   0.2886  70.1849  27.0000  -1.1054   2.3904
 89.000000   1.3403   0.7225   0.2702  71.0963  27.0000  -1.1611   2.8325
 89.200000   0.9983   0.7225   0.2702  71.0963  27.0000  -2.1288   2.7154
 89.400000   1.0636   0.7225   0.2702  71.0963  27.0000  -1.9627   2.6773
 89.600000   1.0065   0.7225   0.2702  71.0963  27.0000  -2.7703   2.8646
 89.800000   0.9633   0.7225   0.2702  71.0963  27.0000  -2.2665   2.5361
 90.000000   1.1072   0.7225   0.2604  72.0917  28.0000  -2.6401   2.8216
 90.200000   0.5780   0.7225   0.2604  72.0917  28.0000  -2.0699   3.1348
 90.400000   1.0382   0.7225   0.2604  72.0917  28.0000  -2.0875   2.5776
 90.600000   1.0132   0.7225   0.2604  72.0917  28.0000  -2.8111   2.6315
 90.800000   1.2295   0.7225   0.2604  72.0917  28.0000  -2.5747   2.7597
 91.000000  -0.3504   0.7297   0.2628  72.6868  28.0000  -2.3331  -2.6714
 91.200000   1.1539   0.7297   0.2628  72.6868  28.0000  -2.6762   2.6900
 91.400000   1.0830   0.7297   0.2628  72.6868  28.0000  -2.3194   2.6223
 91.600000   0.7649   0.7297   0.2628  72.6868  28.0000  -2.8171   2.4171
 91.800000   0.8956   0.7297   0.2628  72.6868  28.0000  -2.8677   2.6245
 92.000000   0.8310   0.7310   0.2676  74.2373  29.0000  -2.8762   3.0548
 92.200000   1.1747   0.7310   0.2676  74.2373  29.0000  -2.4355   2.8407
 92.400000   1.0314   0.7310   0.2676  74.2373  29.0000  -2.8551   2.7773
 92.600000   1.0310   0.7310   0.2676  74.2373  29.0000  -1.9047   2.4631
 92.800000   1.4536   0.7310   0.2676  74.2373  29.0000  -1.2172   2.1267
 93.000000   1.2475   0.7421   0.2696  76.1549  29.0000  -0.9823   2.1058
 93.200000   1.5901   0.7421   0.2696  76.1549  29.0000  -0.9701   2.3679
 93.400000   1.1667   0.7421   0.2696  76.1549  29.0000  -0.8557   2.1536
 93.600000   1.7783   0.7421   0.2696  76.1549  29.0000  -1.2552   2.7103
 93.800000   1.4259   0.7421   0.2696  76.1549  29.0000  -1.1690   2.9305
 94.000000   1.8364   0.7748   0.2706  72.9031  29.0000  -1.3203   2.5562
 94.200000   1.7477   0.7748   0.2706  72.9031  29.0000  -1.2049   2.7752
 94.400000   1.7437   0.7748   0.2706  72.9031  29.0000  -1.4734   2.4942
 94.600000   0.2123   0.7748   0.2706  72.9031  29.0000  -1.4550  -2.9514
 94.800000   1.3273   0.7748   0.2706  72.9031  29.0000  -1.5176   2.9223
 95.000000   0.7618   0.7762   0.2700  74.4216  29.0000  -2.0462   2.9798
 95.200000   0.8698   0.7762   0.2700  74.4216  29.0000  -2.9147   2.7377
 95.400000   1.0479   0.7762   0.2700  74.4216  29.0000  -2.8173   2.8627
 95.600000   0.1673   0.7762   0.2700  74.4216  29.0000  -2.8009  -2.7907
 95.800000   0.6910   0.7762   0.2700  74.4216  29.0000  -3.0060   2.8296
 96.000000   0.6559   0.7739   0.2720  75.3719  28.0000  -2.9088  -3.1112
 96.200000   1.2452   0.7739   0.2720  75.3719  28.0000  -2.4872   2.8477
 96.400000   0.5167   0.7739   0.2720  75.3719  28.0000  -2.8386   2.2836
 96.600000   1.2470   0.7739   0.2720  75.3719  28.0000  -2.5200   2.7670
 96.800000   1.2432   0.7739   0.2720  75.3719  28.0000  -2.6380   2.7510
 97.000000   1.0193   0.7745   0.2748  76.7263  29.0000  -2.4873   2.4912
 97.200000   1.0549   0.7745   0.2748  76.7263  29.0000  -2.1444   2.7484
 97.400000   1.0325   0.7745   0.2748  76.7263  29.0000  -2.0305   2.6862
 97.600000   0.5492   0.7745   0.2748  76.7263  29.0000  -2.2676   2.1911
 97.800000   1.0126   0.7745   0.2748  76.7263  29.0000  -2.7720   2.5437
 98.000000   1.1498   0.7769   0.2734  78.2954  28.0000  -2.7835   2.9462
 98.200000   1.1632   0.7769   0.2734  78.2954  28.0000  -2.6739   2.5598
 98.400000   1.0858   0.7769   0.2734  78.2954  28.0000  -2.2175   2.6567
 98.600000   0.8707   0.7769   0.2734  78.2954  28.0000  -2.5744   2.3175
 98.800000   1.7292   0.7769   0.2734  78.2954  28.0000  -1.1174   2.6756
 99.000000   1.4200   0.7834   0.2695  79.8398  27.0000  -1.3509   2.9143
 99.200000  -0.1763   0.7834   0.2695  79.8398  27.0000  -1.8373  -2.8593
 99.400000  -1.6221   0.7834   0.2695  79.8398  27.0000  -1.2830  -2.2189
 99.600000  -1.3291   0.7834   0.2695  79.8398  27.0000  -1.7371  -2.5172
 99.800000  -1.3067   0.7834   0.2695  79.8398  27.0000  -2.0202  -2.3767
 100.000000  -0.7740   0.7792   0.2644  80.3440  28.0000  -1.7683  -2.6926
 100.200000  -0.4012   0.7792   0.2644  80.3440  28.0000  -2.0361  -2.6594
 100.400000  -0.8596   0.7792   0.2644  80.3440  28.0000  -1.2872  -2.5866
 100.600000  -1.4210   0.7792   0.2644  80.3440  28.0000  -1.2715  -2.3780
 100.800000  -1.2613   0.7792   0.2644  80.3440  28.0000  -1.5127  -2.3827
 101.000000  -0.7544   0.7753   0.2642  80.8904  28.0000  -1.8385  -2.5997
 101.200000  -0.5098   0.7753   0.2642  80.8904  28.0000  -2.2842  -2.4947
 101.400000  -0.3289   0.7753   0.2642  80.8904  28.0000  -2.4926  -2.5292
 101.600000  -1.5891   0.7753   0.2642  80.8904  28.0000  -2.7509  -2.1383
 101.800000   0.4540   0.7753   0.2642  80.8904  28.0000  -2.4922  -2.7975
 102.000000   0.0060   0.7734   0.2648  81.8472  28.0000  -2.3549  -2.6600
 102.200000   0.8773   0.7734   0.2648  81.8472  28.0000  -2.6018  -2.9573
 102.400000   0.7295   0.7734   0.2648  81.8472  28.0000  -1.9352   3.1112
 102.600000   1.0426   0.7734   0.2648  81.8472  28.0000  -2.1862   2.6286
 102.800000   1.1159   0.7734   0.2648  81.8472  28.0000  -1.8795   2.6679
 103.000000   1.5524   0.7813   0.2649  82.8518  28.0000  -1.3649   2.8796
 103.200000   1.4745   0.7813   0.2649  82.8518  28.0000  -1.1198   2.9359
 103.400000   1.3593   0.7813   0.2649  82.8518  28.0000  -1.4510   2.9750
 103.600000   1.3161   0.7813   0.2649  82.8518  28.0000  -0.8206   2.6015
 103.800000   1.6995   0.7813   0.2649  82.8518  28.0000  -1.0804   2.7471
 104.000000   0.9171   0.7828   0.2720  84.4364  29.0000  -1.2279  -3.1085
 104.200000   1.2254   0.7828   0.2720  84.4364  29.0000  -0.8062   2.6374
 104.400000   1.8095   0.7828   0.2720  84.4364  29.0000  -1.2883   2.4620
 104.600000   1.5931   0.7828   0.2720  84.4364  29.0000  -1.5464   2.6076
 104.800000   1.3167   0.7828   0.2720  84.4364  29.0000  -1.3057   3.0364
 105.000000   0.9212   0.7833   0.2752  85.8811  29.0000  -1.0214   3.1258
 105.200000  -0.4236   0.7833   0.2752  85.8811  29.0000  -1.5115  -2.6663
 105.400000   1.0342   0.7833   0.2752  85.8811  29.0000  -2.4195   3.0978
 105.600000   0.9272   0.7833   0.2752  85.8811  29.0000  -2.0969   2.6219
 105.800000   1.2267   0.7833   0.2752  85.8811  29.0000  -1.7529   2.5960
 106.000000   1.3450   0.7860   0.2718  87.0398  28.0000  -1.0372   2.9728
 106.200000   1.5947   0.7860   0.2718  87.0398  28.0000  -1.4574   2.8218
 106.400000   1.2066   0.7860   0.2718  87.0398  28.0000  -0.8376   2.8583
 106.600000   1.2280   0.7860   0.2718  87.0398  28.0000  -1.2304   3.1160
 106.800000   1.1274   0.7860   0.2718  87.0398  28.0000  -1.5609   3.0316
 107.000000   1.2004   0.7871   0.2818  88.2880  29.0000  -0.7846   2.6009
 107.200000   1.6586   0.7871   0.2818  88.2880  29.0000  -1.1821   2.8556
 107.400000   1.4631   0.7871   0.2818  88.2880  29.0000  -1.1897   2.9845
 107.600000   1.4721   0.7871   0.2818  88.2880  29.0000  -1.0081   2.8993
 107.800000   1.4831   0.7871   0.2818  88.2880  29.0000  -0.8984   2.5972
 108.000000   1.7016   0.7960   0.2889  87.9144  28.0000  -1.0383   2.5612
 108.200000   1.0392   0.7960   0.2889  87.9144  28.0000  -0.8855   2.1278
 108.400000   0.8935   0.7960   0.2889  87.9144  28.0000  -0.8898   1.9833
 108.600000   1.1774   0.7960   0.2889  87.9144  28.0000  -1.3673   2.0496
 108.800000   1.5420   0.7960   0.2889  87.9144  28.0000  -1.4971   2.4763
 109.000000   1.1206   0.7967   0.2927  89.2595  28.0000  -0.8532   2.2306
 109.200000   1.5250   0.7967   0.2927  89.2595  28.0000  -0.9748   2.8020
 109.400000   1.7141   0.7967   0.2927  89.2595  28.0000  -1.3811   2.6169
 109.600000   0.5622   0.7967   0.2927  89.2595  28.0000  -1.8161   3.1138
 109.800000   0.9206   0.7967   0.2927  89.2595  28.0000  -1.1443  -3.0931
 110.000000   1.5763   0.8023   0.2909  89.7638  28.0000  -1.4758   2.6870
 110.200000   1.2394   0.8023   0.2909  89.7638  28.0000  -1.6492   2.4052
 110.400000   1.7668   0.8023   0.2909  89.7638  28.0000  -1.3546   2.6738
 110.600000   1.7466   0.8023   0.2909  89.7638  28.0000  -1.3756   2.5120
 110.800000   0.6276   0.8023   0.2909  89.7638  28.0000  -2.1114   2.4183
 111.000000   1.6855   0.8102   0.2896  89.6924  28.0000  -1.4455   2.5953
 111.200000   1.8416   0.8102   0.2896  89.6924  28.0000  -1.1396   2.5451
 111.400000   1.6981   0.8102   0.2896  89.6924  28.0000  -1.3971   2.4105
 111.600000   1.8080   0.8102   0.2896  89.6924  28.0000  -1.2756   2.7463
 111.800000   1.8122   0.8102   0.2896  89.6924  28.0000  -1.0915   2.6172
 112.000000   1.8346   0.8219   0.2872  88.2971  29.0000  -1.1612   2.6951
 112.200000   1.8284   0.8219   0.2872  88.2971  29.0000  -1.3848   2.5915
 112.400000   1.7890   0.8219   0.2872  88.2971  29.0000  -1.1683   2.8089
 112.600000   1.7194   0.8219   0.2872  88.2971  29.0000  -1.3523   2.8297
 112.800000   1.8682   0.8219   0.2872  88.2971  29.0000  -1.3041   2.5104
 113.000000   1.8911   0.8372   0.2878  86.9738  29.0000  -1.1542   2.5692
 113.200000   1.5835   0.8372   0.2878  86.9738  29.0000  -1.2787   2.9548
 113.400000   1.1678   0.8372   0.2878  86.9738  29.0000  -1.1748   3.1312
 113.600000   0.9994   0.8372   0.2878  86.9738  29.0000  -1.4758   3.1217
 113.800000   1.1226   0.8372   0.2878  86.9738  29.0000  -1.5561   3.0260
 114.000000   1.1515   0.8383   0.2898  88.3882  29.0000  -1.6586   2.9242
 114.200000   0.2953   0.8383   0.2898  88.3882  29.0000  -1.4926  -2.9215
 114.400000   0.7372   0.8383   0.2898  88.3882  29.0000  -1.4886  -3.0626
 114.600000   1.7082   0.8383   0.2898  88.3882  29.0000  -1.1195   2.8610
 114.800000   0.1550   0.8383   0.2898  88.3882  29.0000  -1.8530  -2.9434
 115.000000   1.3263   0.8395   0.2909  89.4508  29.0000  -1.3730   3.0494
 115.200000   1.5100   0.8395   0.2909  89.4508  29.0000  -1.4799   2.9281
 115.400000   1.7362   0.8395   0.2909  89.4508  29.0000  -1.1470   2.8808
 115.600000   1.8225   0.8395   0.2909  89.4508  29.0000  -1.3960   2.7409
 115.800000   1.1806   0.8395   0.2909  89.4508  29.0000  -1.5333   3.0580
 116.000000   0.3063   0.8356   0.2849  89.8536  30.0000  -2.0177  -3.0093
 116.200000   0.3676   0.8356   0.2849  89.8536  30.0000  -1.9751  -2.9588
 116.400000   1.5128   0.8356   0.2849  89.8536  30.0000  -1.0577   2.9746
 116.600000   0.3262   0.8356   0.2849  89.8536  30.0000  -1.6123  -2.9106
 116.800000   1.2763   0.8356   0.2849  89.8536  30.0000  -1.1953   3.1201
 117.000000   1.3584   0.8370   0.2848  90.8709  30.0000  -1.5785   2.9587
 117.200000   1.4721   0.8370   0.2848  90.8709  30.0000  -0.9032   2.8086
 117.400000   1.8488   0.8370   0.2848  90.8709  30.0000  -1.4268   2.6075
 117.600000   1.7882   0.8370   0.2848  90.8709  30.0000  -1.0194   2.6166
 117.800000   1.8064   0.8370   0.2848  90.8709  30.0000  -1.1074   2.4324
 118.000000   1.0368   0.8363   0.2827  91.9595  31.0000  -0.7454   2.3883
 118.200000   1.7943   0.8363   0.2827  91.9595  31.0000  -1.0329   2.7256
 118.400000   1.7432   0.8363   0.2827  91.9595  31.0000  -1.5075   2.6248
 118.600000   0.3659   0.8363   0.2827  91.9595  31.0000  -1.7021  -2.9106
 118.800000  -1.5896   0.8363   0.2827  91.9595  31.0000  -1.7788  -2.0170
 119.000000  -1.6772   0.8329   0.2827  92.4382  31.0000  -1.2269  -2.1768
 119.200000   0.0890   0.8329   0.2827  92.4382  31.0000  -1.3336  -2.7879
 119.400000   1.7861   0.8329   0.2827  92.4382  31.0000  -1.2886   2.8653
 119.600000   0.3507   0.8329   0.2827  92.4382  31.0000  -1.7873  -2.9221
 119.800000   0.6076   0.8329   0.2827  92.4382  31.0000  -1.5065  -2.9642
 120.000000   0.6676   0.8320   0.2825  93.5855  31.0000  -1.8235  -3.0695
 120.200000   0.0627   0.8320   0.2825  93.5855  31.0000  -1.1306  -2.8016
 120.400000   1.7052   0.8320   0.2825  93.5855  31.0000  -1.1461   2.8964
 120.600000   1.5835   0.8320   0.2825  93.5855  31.0000  -1.0240   2.8928
 120.800000   1.9072   0.8320   0.2825  93.5855  31.0000  -1.3262   2.6252
 121.000000   0.8867   0.8309   0.2855  94.6263  30.0000  -2.4286   3.0727
 121.200000   0.5936   0.8309   0.2855  94.6263  30.0000  -2.5382  -2.9257
 121.400000   1.0590   0.8309   0.2855  94.6263  30.0000  -2.6225   2.9218
 121.600000   0.9148   0.8309   0.2855  94.6263  30.0000  -2.7180   2.6552
 121.800000   0.6189   0.8309   0.2855  94.6263  30.0000  -2.9571   2.7501
 122.000000   0.2075   0.8292   0.2851  95.5505  31.0000  -3.0872   2.6503
 122.200000   0.4115   0.8292   0.2851  95.5505  31.0000  -2.5943   2.2416
 122.400000   0.6017   0.8292   0.2851  95.5505  31.0000  -2.8362   2.4656
 122.600000   0.7678   0.8292   0.2851  95.5505  31.0000  -2.6399   2.4714
 122.800000   0.4201   0.8292   0.2851  95.5505  31.0000  -2.3891   2.2851
 123.000000  -0.2410   0.8266   0.2851  96.2298  31.0000  -2.6680   1.9057
 123.200000   0.7142   0.8266   0.2851  96.2298  31.0000  -2.4798   2.4240
 123.400000   0.4277   0.8266   0.2851  96.2298  31.0000  -2.2769   2.3236
 123.600000  -0.3772   0.8266   0.2851  96.2298  31.0000  -2.1427   1.9584
 123.800000   0.1962   0.8266   0.2851  96.2298  31.0000  -2.2990   2.1858
 124.000000   0.9568   0.8269   0.2850  97.6063  31.0000  -2.0093   2.8072
 124.200000   0.7397   0.8269   0.2850  97.6063  31.0000  -1.8992   2.3774
 124.400000   1.6630   0.8269   0.2850  97.6063  31.0000  -1.5211   2.6224
 124.600000   0.9179   0.8269   0.2850  97.6063  31.0000  -2.5089   2.5901
 124.800000   0.3336   0.8269   0.2850  97.6063  31.0000  -2.9929   2.4705
 125.000000  -0.1547   0.8227   0.2830  97.8523  31.0000  -2.1797   2.0482
 125.200000  -1.0266   0.8227   0.2830  97.8523  31.0000  -3.0723   1.7449
 125.400000  -0.5622   0.8227   0.2830  97.8523  31.0000  -2.6512   1.5314
 125.600000   0.1176   0.8227   0.2830  97.8523  31.0000  -2.5837   1.9787
 125.800000   0.5954   0.8227   0.2830  97.8523  31.0000  -2.5019   2.2951
 126.000000   1.0655   0.8223   0.2834  98.9433  31.0000  -1.9033   2.6024
 126.200000   1.5669   0.8223   0.2834  98.9433  31.0000  -1.2263   2.2685
 126.400000   1.7663   0.8223   0.2834  98.9433  31.0000  -1.3459   2.4696
 126.600000   1.4871   0.8223   0.2834  98.9433  31.0000  -1.3153   2.2451
 126.800000   1.5604   0.8223   0.2834  98.9433  31.0000  -1.5885   2.5498
 127.000000   1.4514   0.8250   0.2828  99.9704  31.0000  -1.6847   2.5972
 127.200000   1.3731   0.8250   0.2828  99.9704  31.0000  -1.6413   2.4069
 127.400000   1.7322   0.8250   0.2828  99.9704  31.0000  -1.1442   2.4190
 127.600000   1.6825   0.8250   0.2828  99.9704  31.0000  -1.3992   2.4089
 127.800000   1.6283   0.8250   0.2828  99.9704  31.0000  -1.2401   2.3112
 128.000000   0.8019   0.8229   0.2824 100.7341  31.0000  -1.2436   1.8528
 128.200000   1.7390   0.8229   0.2824 100.7341  31.0000  -1.3243   2.4124
 128.400000   0.3522   0.8229   0.2824 100.7341  31.0000  -1.8972   2.1163
 128.600000   0.6490   0.8229   0.2824 100.7341  31.0000  -1.6514   2.0287
 128.800000   0.3810   0.8229   0.2824 100.7341  31.0000  -1.4909   1.7025
 129.000000   1.1940   0.8229   0.2830 101.7651  31.0000  -1.0597   2.0589
 129.200000   1.8250   0.8229   0.2830 101.7651  31.0000  -1.1577   2.5551
 129.400000   1.7540   0.8229   0.2830 101.7651  31.0000  -1.0678   2.5715
 129.600000   1.7499   0.8229   0.2830 101.7651  31.0000  -1.4001   2.7824
 129.800000   0.9526   0.8229   0.2830 101.7651  31.0000  -1.7306  -3.1188
 130.000000   0.9504   0.8214   0.2780 102.6303  32.0000  -2.5687   3.0215
 130.200000   0.8334   0.8214   0.2780 102.6303  32.0000  -2.7156  -3.1174
 130.400000   1.0123   0.8214   0.2780 102.6303  32.0000  -2.7236   2.9328
 130.600000   1.3172   0.8214   0.2780 102.6303  32.0000  -1.8476   2.6983
 130.800000   1.0683   0.8214   0.2780 102.6303  32.0000  -2.5935   2.7518
 131.000000   0.8070   0.8193   0.2787 103.3700  32.0000  -2.4448   2.4514
 131.200000   1.7277   0.8193   0.2787 103.3700  32.0000  -1.4641   2.7450
 131.400000   1.2214   0.8193   0.2787 103.3700  32.0000  -1.9057   2.8789
 131.600000   0.7291   0.8193   0.2787 103.3700  32.0000  -2.7174   2.4249
 131.800000   1.0846   0.8193   0.2787 103.3700  32.0000  -1.8230   2.4226
 132.000000   0.6077   0.8171   0.2790 104.1328  32.0000  -2.2352   2.2985
 132.200000   0.7000   0.8171   0.2790 104.1328  32.0000  -2.6822   2.3678
 132.400000   1.3960   0.8171   0.2790 104.1328  32.0000  -1.7107   2.5417
 132.600000   1.0539   0.8171   0.2790 104.1328  32.0000  -2.2577   2.6172
 132.800000   1.0139   0.8171   0.2790 104.1328  32.0000  -2.1748   2.5612
 133.000000   1.1008   0.8171   0.2797 105.3389  32.0000  -2.3427   2.7746
 133.200000   0.9950   0.8171   0.2797 105.3389  32.0000  -2.1024   2.4960
 133.400000   1.0986   0.8171   0.2797 105.3389  32.0000  -1.9135   3.0214
 133.600000   1.4002   0.8171   0.2797 105.3389  32.0000  -1.7226   2.5742
 133.800000   1.6600   0.8171   0.2797 105.3389  32.0000  -1.3762   2.8568
 134.000000   1.5488   0.8216   0.2804 106.3277  32.0000  -1.2492   2.9415
 134.200000   0.6618   0.8216   0.2804 106.3277  32.0000  -1.2586  -2.9786
 134.400000   0.9902   0.8216   0.2804 106.3277  32.0000  -1.3769  -3.0842
 134.600000   1.8216   0.8216   0.2804 106.3277  32.0000  -1.1548   2.6399
 134.800000   1.6673   0.8216   0.2804 106.3277  32.0000  -1.0850   2.8091
 135.000000   0.7398   0.8205   0.2800 107.3842  32.0000  -1.1992  -3.0100
 135.200000   1.2726   0.8205   0.2800 107.3842  32.0000  -1.6148   3.0378
 135.400000   1.7868   0.8205   0.2800 107.3842  32.0000  -1.2639   2.8040
 135.600000   1.7823   0.8205   0.2800 107.3842  32.0000  -1.1771   2.7774
 135.800000   1.6909   0.8205   0.2800 107.3842  32.0000  -1.0480   2.7286
 136.000000   1.2916   0.8225   0.2908 108.8301  33.0000  -1.4877   3.0735
 136.200000   1.4116   0.8225   0.2908 108.8301  33.0000  -1.7241   2.7532
 136.400000   0.7967   0.8225   0.2908 108.8301  33.0000  -2.1465   2.4105
 136.600000   1.0441   0.8225   0.2908 108.8301  33.0000  -2.4716   2.6133
 136.800000   0.9996   0.8225   0.2908 108.8301  33.0000  -2.5217   2.5649
 137.000000   0.3491   0.8204   0.2916 109.6488  33.0000  -2.9033   2.4058
 137.200000   1.0909   0.8204   0.2916 109.6488  33.0000  -1.9441   2.9426
 137.400000   0.8016   0.8204   0.2916 109.6488  33.0000  -2.7305   2.4723
 137.600000   1.0693   0.8204   0.2916 109.6488  33.0000  -2.3690   2.7236
 137.800000   0.8874   0.8204   0.2916 109.6488  33.0000  -2.2880   2.4737
 138.000000   0.3149   0.8180   0.2926 110.3286  33.0000  -2.7953   2.2068
 138.200000   1.0903   0.8180   0.2926 110.3286  33.0000  -2.5034   2.6726
 138.400000   0.1996   0.8180   0.2926 110.3286  33.0000  -2.7822   2.0595
 138.600000   0.5720   0.8180   0.2926 110.3286  33.0000  -2.6006   2.1903
 138.800000   0.2603   0.8180   0.2926 110.3286  33.0000  -2.1188   2.1373
 139.000000  -0.1334   0.8152   0.2922 110.8867  33.0000  -2.9165   2.0083
 139.200000   0.8651   0.8152   0.2922 110.8867  33.0000  -2.8499   2.7061
 139.400000   1.0105   0.8152   0.2922 110.8867  33.0000  -2.2651   2.6521
 139.600000   0.9964   0.8152   0.2922 110.8867  33.0000  -2.3119   2.9276
 139.800000   1.0752   0.8152   0.2922 110.8867  33.0000  -2.6371   2.7528
 140.000000   1.0837   0.8145   0.2924 111.8423  33.0000  -2.5440   2.6763
 140.200000   1.0928   0.8145   0.2924 111.8423  33.0000  -1.9552   2.8924
 140.400000   1.0590   0.8145   0.2924 111.8423  33.0000  -2.1923   2.7611
 140.600000   1.5938   0.8145   0.2924 111.8423  33.0000  -1.4884   2.8113
 140.800000   0.9939   0.8145   0.2924 111.8423  33.0000  -1.6381   2.2649
 141.000000  -0.1056   0.8111   0.2895 112.1577  34.0000  -1.8256   1.9393
 141.200000   0.8233   0.8111   0.2895 112.1577  34.0000  -2.0417   2.4288
 141.400000   0.7237   0.8111   0.2895 112.1577  34.0000  -1.6064   2.0610
 141.600000   0.6925   0.8111   0.2895 112.1577  34.0000  -1.7494   2.1875
 141.800000   1.3475   0.8111   0.2895 112.1577  34.0000  -1.4679   2.3006
 142.000000   1.2836   0.8123   0.2900 113.3830  34.0000  -1.2787   2.1496
 142.200000   1.6322   0.8123   0.2900 113.3830  34.0000  -1.3331   2.8677
 142.400000   1.0623   0.8123   0.2900 113.3830  34.0000  -0.8156   2.7709
 142.600000   1.5848   0.8123   0.2900 113.3830  34.0000  -1.1635   2.3486
 142.800000   1.5277   0.8123   0.2900 113.3830  34.0000  -1.3636   2.3328
 143.000000   1.3688   0.8142   0.2906 114.5410  34.0000  -1.2766   2.1742
 143.200000   1.5986   0.8142   0.2906 114.5410  34.0000  -1.4160   2.4237
 143.400000   1.2629   0.8142   0.2906 114.5410  34.0000  -1.1346   2.0731
 143.600000   0.5923   0.8142   0.2906 114.5410  34.0000  -1.0433   1.7402
 143.800000   0.9321   0.8142   0.2906 114.5410  34.0000  -1.2465   1.8690
 144.000000   1.6913   0.8223   0.2914 115.3391  34.0000  -1.1881   2.4362
 144.200000   1.4782   0.8223   0.2914 115.3391  34.0000  -1.5033   2.3839
 144.400000   0.4610   0.8223   0.2914 115.3391  34.0000  -1.7803   2.0839
 144.600000   1.7606   0.8223   0.2914 115.3391  34.0000  -1.3180   2.5149
 144.800000   1.4162   0.8223   0.2914 115.3391  34.0000  -0.9479   2.3727
 145.000000   1.6555   0.8276   0.2939 115.8059  34.0000  -1.4007   2.8235
 145.200000   1.6307   0.8276   0.2939 115.8059  34.0000  -1.4856   2.8045
 145.400000   1.7170   0.8276   0.2939 115.8059  34.0000  -1.1011   2.6743
 145.600000   1.4070   0.8276   0.2939 115.8059  34.0000  -0.9126   2.5327
 145.800000   1.7922   0.8276   0.2939 115.8059  34.0000  -1.1833   2.6188
 146.000000   1.3263   0.8347   0.2965 117.7302  34.0000  -1.5131   3.0280
 146.200000   1.6209   0.8347   0.2965 117.7302  34.0000  -1.4657   2.4777
 146.400000   0.1140   0.8347   0.2965 117.7302  34.0000  -1.6862   1.8288
 146.600000   0.9013   0.8347   0.2965 117.7302  34.0000  -2.2170   2.5709
 146.800000   0.9204   0.8347   0.2965 117.7302  34.0000  -2.1463   2.6149
 147.000000   1.0432   0.8336   0.2892 118.5989  35.0000  -2.3926   2.7265
 147.200000   1.1323   0.8336   0.2892 118.5989  35.0000  -2.6151   2.8967
 147.400000   1.1136   0.8336   0.2892 118.5989  35.0000  -2.3870   2.8897
 147.600000   1.1553   0.8336   0.2892 118.5989  35.0000  -1.8807   2.8835
 147.800000   1.0242   0.8336   0.2892 118.5989  35.0000  -2.1704   2.9007
 148.000000   1.0043   0.8323   0.2946 119.4539  34.0000  -1.9795   2.5748
 148.200000   1.3078   0.8323   0.2946 119.4539  34.0000  -1.6172   2.3873
 148.400000   1.6678   0.8323   0.2946 119.4539  34.0000  -1.2285   2.3771
 148.600000   1.7592   0.8323   0.2946 119.4539  34.0000  -1.1661   2.5458
 148.800000   1.7533   0.8323   0.2946 119.4539  34.0000  -1.1626   2.7148
 149.000000   1.7281   0.8381   0.2871 119.3401  35.0000  -1.2680   2.4445
 149.200000   1.3947   0.8381   0.2871 119.3401  35.0000  -1.6640   2.9450
 149.400000   1.1647   0.8381   0.2871 119.3401  35.0000  -2.5163   2.8879
 149.600000   0.9222   0.8381   0.2871 119.3401  35.0000  -2.8404   2.7667
 149.800000   1.1641   0.8381   0.2871 119.3401  35.0000  -2.5027   2.6712
 150.000000   0.6283   0.8357   0.2870 119.9516  35.0000  -2.8049  -3.1017
 150.200000   0.6217   0.8357   0.2870 119.9516  35.0000  -2.9248   2.4658
 150.400000   0.7294   0.8357   0.2870 119.9516  35.0000  -2.9574   2.7356
 150.600000   1.1425   0.8357   0.2870 119.9516  35.0000  -2.3892   2.6639
 150.800000   0.4702   0.8357   0.2870 119.9516  35.0000  -3.0513   2.7830
 151.000000   0.9018   0.8340   0.2923 120.6900  36.0000  -2.7085   2.4373
 151.200000   0.3931   0.8340   0.2923 120.6900  36.0000  -2.4220   2.0965
 151.400000   1.2820   0.8340   0.2923 120.6900  36.0000  -1.6881   2.9818
 151.600000   0.0381   0.8340   0.2923 120.6900  36.0000  -1.9060  -2.8276
 151.800000   0.6528   0.8340   0.2923 120.6900  36.0000  -1.7627  -3.0222
 152.000000   0.8757   0.8327   0.2940 121.5978  36.0000  -1.7371  -3.1046
 152.200000   1.7906   0.8327   0.2940 121.5978  36.0000  -1.2997   2.7623
 152.400000   1.8111   0.8327   0.2940 121.5978  36.0000  -1.2567   2.7021
 152.600000   1.5688   0.8327   0.2940 121.5978  36.0000  -1.4664   2.9428
 152.800000   1.7860   0.8327   0.2940 121.5978  36.0000  -1.2303   2.7444
 153.000000   1.0741   0.8323   0.2941 122.6972  36.0000  -1.7422   3.1131
 153.200000   0.1384   0.8323   0.2941 122.6972  36.0000  -2.1467  -2.8065
 153.400000   1.1847   0.8323   0.2941 122.6972  36.0000  -1.9099   2.9524
 153.600000   0.6204   0.8323   0.2941 122.6972  36.0000  -2.9490   2.5161
 153.800000   0.9560   0.8323   0.2941 122.6972  36.0000  -2.5889   3.1110
 154.000000   0.7167   0.8311   0.2969 123.6809  37.0000  -2.2490  -3.0696
 154.200000   1.0286   0.8311   0.2969 123.6809  37.0000  -2.2149   2.6852
 154.400000   1.1502   0.8311   0.2969 123.6809  37.0000  -2.4475   2.8476
 154.600000   0.8718   0.8311   0.2969 123.6809  37.0000  -2.3059   2.4867
 154.800000   1.5207   0.8311   0.2969 123.6809  37.0000  -1.3782   2.9930
 155.000000   0.7389   0.8307   0.2960 124.9301  37.0000  -0.9722  -3.1235
 155.200000   1.5436   0.8307   0.2960 124.9301  37.0000  -1.6218   2.8071
 155.400000   1.4280   0.8307   0.2960 124.9301  37.0000  -1.1319   2.9938
 155.600000   1.3111   0.8307   0.2960 124.9301  37.0000  -1.0953   3.0340
 155.800000   1.6642   0.8307   0.2960 124.9301  37.0000  -1.3584   2.8936
 156.000000   1.3932   0.8331   0.2964 126.2982  37.0000  -1.5141   3.0405
 156.200000   1.2700   0.8331   0.2964 126.2982  37.0000  -1.8428   2.7117
 156.400000   0.5317   0.8331   0.2964 126.2982  37.0000  -2.3451   2.2443
 156.600000  -0.2878   0.8331   0.2964 126.2982  37.0000  -2.9594   1.9488
 156.800000   0.1834   0.8331   0.2964 126.2982  37.0000  -2.3134   2.0804
 157.000000   0.9626   0.8322   0.2972 127.3214  37.0000  -2.8098   2.7382
 157.200000   0.9952   0.8322   0.2972 127.3214  37.0000  -2.1002   2.6657
 157.400000   1.0610   0.8322   0.2972 127.3214  37.0000  -2.5366   2.5356
 157.600000   0.3587   0.8322   0.2972 127.3214  37.0000  -2.5407   2.0746
 157.800000   1.6631   0.8322   0.2972 127.3214  37.0000  -1.5115   2.6831
 158.000000   1.4220   0.8341   0.3004 128.4188  37.0000  -0.9705   2.4522
 158.200000   1.3643   0.8341   0.3004 128.4188  37.0000  -0.9128   2.6467
 158.400000   0.0453   0.8341   0.3004 128.4188  37.0000  -0.5501   2.5527
 158.600000   1.4234   0.8341   0.3004 128.4188  37.0000  -0.9710   2.4016
 158.800000   1.4723   0.8341   0.3004 128.4188  37.0000  -1.1158   2.2830
 159.000000   1.5629   0.8374   0.3007 129.2435  37.0000  -1.5872   2.7189
 159.200000   1.5869   0.8374   0.3007 129.2435  37.0000  -1.5890   2.6610
 159.400000   1.7429   0.8374   0.3007 129.2435  37.0000  -1.3347   2.8312
 159.600000   1.0940   0.8374   0.3007 129.2435  37.0000  -1.7619   2.4334
 159.800000   1.3015   0.8374   0.3007 129.2435  37.0000  -1.4825   2.2695
 160.000000   1.5399   0.8402   0.2947 130.0301  38.0000  -1.1542   2.3162
 160.200000   0.2954   0.8402   0.2947 130.0301  38.0000  -0.7790   1.9200
 160.400000   1.0401   0.8402   0.2947 130.0301  38.0000  -1.4010   2.0285
 160.600000   1.1159   0.8402   0.2947 130.0301  38.0000  -1.2891   2.0105
 160.800000   1.6468   0.8402   0.2947 130.0301  38.0000  -1.5412   2.5899
 161.000000   0.8105   0.8385   0.2954 130.7890  38.0000  -2.4174   2.3846
 161.200000   0.8822   0.8385   0.2954 130.7890  38.0000  -2.3290   2.4456
 161.400000   1.1791   0.8385   0.2954 130.7890  38.0000  -2.6145   2.7328
 161.600000   1.0940   0.8385   0.2954 130.7890  38.0000  -2.3383   2.6991
 161.800000   1.0595   0.8385   0.2954 130.7890  38.0000  -2.6485   2.5267
 162.000000   0.7106   0.8363   0.2925 131.3725  37.0000  -2.7442   2.2951
 162.200000   1.1900   0.8363   0.2925 131.3725  37.0000  -2.6106   2.6250
 162.400000   1.0392   0.8363   0.2925 131.3725  37.0000  -2.6070   2.4155
 162.600000   0.2068   0.8363   0.2925 131.3725  37.0000  -2.6252   1.9073
 162.800000  -0.8403   0.8363   0.2925 131.3725  37.0000  -2.5323   1.4778
 163.000000  -0.9435   0.8329   0.2928 131.5018  37.0000  -2.6843   1.3709
 163.200000  -0.9957   0.8329   0.2928 131.5018  37.0000  -2.9521   0.8738
 163.400000  -0.6882   0.8329   0.2928 131.5018  37.0000  -2.5722   0.9704
 163.600000  -1.0450   0.8329   0.2928 131.5018  37.0000  -1.8983   1.5271
 163.800000  -0.7671   0.8329   0.2928 131.5018  37.0000  -1.8235   1.6210
 164.000000  -0.7620   0.8379   0.2880 131.5869  38.0000  -1.7503   1.3355
 164.200000  -0.2916   0.8379   0.2880 131.5869  38.0000  -1.8494   1.8606
 164.400000   0.6239   0.8379   0.2880 131.5869  38.0000  -1.5990   1.9988
 164.600000   1.3384   0.8379   0.2880 131.5869  38.0000  -1.3106   2.1364
 164.800000   1.0854   0.8379   0.2880 131.5869  38.0000  -1.0778   2.0094
 165.000000   1.4789   0.8429   0.2884 133.4044  38.0000  -1.3889   2.2645
 165.200000   0.7414   0.8429   0.2884 133.4044  38.0000  -0.7841   2.1388
 165.400000   1.6045   0.8429   0.2884 133.4044  38.0000  -1.0795   2.3229
 165.600000   1.1436   0.8429   0.2884 133.4044  38.0000  -1.2200   1.9817
 165.800000   1.0404   0.8429   0.2884 133.4044  38.0000  -1.0181   1.9993
 166.000000   0.8456   0.8454   0.2929 135.0775  39.0000  -1.7458   2.2474
 166.200000  -0.0227   0.8454   0.2929 135.0775  39.0000  -0.8847   1.6656
 166.400000   0.9141   0.8454   0.2929 135.0775  39.0000  -1.0270   1.9445
 166.600000   0.3222   0.8454   0.2929 135.0775  39.0000  -1.4056   1.6712
 166.800000   0.7303   0.8454   0.2929 135.0775  39.0000  -1.4931   1.9247
 167.000000   0.4764   0.8452   0.2931 136.3135  38.0000  -1.6877   1.9875
 167.200000   1.3658   0.8452   0.2931 136.3135  38.0000  -1.1912   2.1190
 167.400000   1.1491   0.8452   0.2931 136.3135  38.0000  -1.7152   2.3442
 167.600000   0.6966   0.8452   0.2931 136.3135  38.0000  -1.7838   2.1475
 167.800000   0.2864   0.8452   0.2931 136.3135  38.0000  -2.0396   2.1435
 168.000000   0.6839   0.8518   0.2933 136.5996  38.0000  -2.2143   2.3574
 168.200000  -0.2637   0.8518   0.2933 136.5996  38.0000  -2.0517   1.9211
 168.400000   0.5444   0.8518   0.2933 136.5996  38.0000  -2.2164   2.2289
 168.600000   1.1095   0.8518   0.2933 136.5996  38.0000  -2.5036   2.9438
 168.800000   0.9195   0.8518   0.2933 136.5996  38.0000  -2.1121   2.5138
 169.000000   1.2213   0.8520   0.2949 137.7560  38.0000  -1.5408   2.1817
 169.200000   0.7096   0.8520   0.2949 137.7560  38.0000  -2.0969   2.3429
 169.400000   1.1500   0.8520   0.2949 137.7560  38.0000  -2.6259   2.7855
 169.600000   1.1339   0.8520   0.2949 137.7560  38.0000  -2.4186   2.7790
 169.800000   1.1176   0.8520   0.2949 137.7560  38.0000  -2.6628   2.6378
 170.000000   0.8353   0.8536   0.2968 139.3830  38.0000  -2.8096   2.4185
 170.200000   1.0732   0.8536   0.2968 139.3830  38.0000  -2.3292   2.7193
 170.400000   0.2899   0.8536   0.2968 139.3830  38.0000  -2.9312  -3.0746
 170.600000  -0.1080   0.8536   0.2968 139.3830  38.0000  -2.4540  -2.6964
 170.800000  -1.0856   0.8536   0.2968 139.3830  38.0000  -2.2132  -2.2368
 171.000000   0.2827   0.8578   0.2989 140.1171  38.0000  -1.9824  -2.8892
 171.200000   0.9719   0.8578   0.2989 140.1171  38.0000  -2.5048   3.0453
 171.400000  -0.0976   0.8578   0.2989 140.1171  38.0000  -3.0437  -3.0351
 171.600000   0.9852   0.8578   0.2989 140.1171  38.0000  -2.1423   2.9179
 171.800000   1.4830   0.8578   0.2989 140.1171  38.0000  -1.5459   3.0138
 172.000000   1.3519   0.8635   0.3008 142.0544  38.0000  -1.2527   3.1129
 172.200000   1.2648   0.8635   0.3008 142.0544  38.0000  -1.0771   3.0802
 172.400000   1.5033   0.8635   0.3008 142.0544  38.0000  -1.5701   2.4075
 172.600000   1.4117   0.8635   0.3008 142.0544  38.0000  -0.9214   2.6286
 172.800000   1.8511   0.8635   0.3008 142.0544  38.0000  -1.2938   2.6403
 173.000000   1.4714   0.8669   0.3016 143.6913  38.0000  -0.9500   2.5227
 173.200000   0.9576   0.8669   0.3016 143.6913  38.0000  -0.8704   2.1403
 173.400000   1.1674   0.8669   0.3016 143.6913  38.0000  -1.2924   2.0105
 173.600000   1.4378   0.8669   0.3016 143.6913  38.0000  -1.2504   2.1601
 173.800000   1.4865   0.8669   0.3016 143.6913  38.0000  -1.3074   2.1973
 174.000000  -0.6629   0.8712   0.3016 143.8696  38.0000  -0.7819   1.5005
 174.200000   1.8276   0.8712   0.3016 143.8696  38.0000  -1.3868   2.6134
 174.400000   1.7046   0.8712   0.3016 143.8696  38.0000  -1.0491   2.6147
 174.600000   1.0800   0.8712   0.3016 143.8696  38.0000  -1.3792   1.9848
 174.800000  -0.1414   0.8712   0.3016 143.8696  38.0000  -1.1794   1.1855
 175.000000  -0.0833   0.8748   0.3031 144.5202  38.0000  -1.4960   1.4943
 175.200000   0.7000   0.8748   0.3031 144.5202  38.0000  -1.3271   1.7703
 175.400000   0.3340   0.8748   0.3031 144.5202  38.0000  -0.9526   1.7224
 175.600000   1.0808   0.8748   0.3031 144.5202  38.0000  -0.9527   2.0951
 175.800000   1.8080   0.8748   0.3031 144.5202  38.0000  -1.3691   2.5280
 176.000000   1.6632   0.8824   0.3040 145.9737  38.0000  -1.4614   2.4271
 176.200000   1.6626   0.8824   0.3040 145.9737  38.0000  -1.4612   2.3909
 176.400000   1.8766   0.8824   0.3040 145.9737  38.0000  -1.3512   2.6448
 176.600000   0.7164   0.8824   0.3040 145.9737  38.0000  -1.1354  -2.9625
 176.800000  -0.3257   0.8824   0.3040 145.9737  38.0000  -1.9390  -2.5886
 177.000000   0.0595   0.8836   0.3058 147.1599  38.0000  -2.2413  -2.7820
 177.200000   1.0842   0.8836   0.3058 147.1599  38.0000  -1.8691   3.0167
 177.400000   1.0213   0.8836   0.3058 147.1599  38.0000  -1.9279   3.0130
 177.600000   1.3190   0.8836   0.3058 147.1599  38.0000  -1.7997   2.6962
 177.800000   1.3676   0.8836   0.3058 147.1599  38.0000  -1.5558   3.0730
 178.000000   0.8129   0.8913   0.3082 146.5417  38.0000  -1.7638  -3.0215
 178.200000   1.0384   0.8913   0.3082 146.5417  38.0000  -2.4773   2.6345
 178.400000   0.9482   0.8913   0.3082 146.5417  38.0000  -2.7485   2.5363
 178.600000   0.9646   0.8913   0.3082 146.5417  38.0000  -2.3268   2.8156
 178.800000   1.0135   0.8913   0.3082 146.5417  38.0000  -2.3992   2.7895
 179.000000   0.9295   0.8950   0.3087 148.1256  38.0000  -2.6997   2.9400
 179.200000   0.8978   0.8950   0.3087 148.1256  38.0000  -2.7377   2.4319
 179.400000   1.0385   0.8950   0.3087 148.1256  38.0000  -1.9266   3.0061
 179.600000   1.5006   0.8950   0.3087 148.1256  38.0000  -1.2597   3.0554
 179.800000   1.1507   0.8950   0.3087 148.1256  38.0000  -1.0328   3.0940
 180.000000   1.3588   0.8978   0.3090 149.9802  38.0000  -1.1455   3.0802
 180.200000   1.6722   0.8978   0.3090 149.9802  38.0000  -1.0645   2.8078
 180.400000   1.8735   0.8978   0.3090 149.9802  38.0000  -1.2554   2.7210
 180.600000   1.8557   0.8978   0.3090 149.9802  38.0000  -1.2180   2.5369
 180.800000   1.8339   0.8978   0.3090 149.9802  38.0000  -1.1823   2.7482
 181.000000   1.7027   0.9016   0.3108 150.5157  38.0000  -1.2140   2.9270
 181.200000   1.3342   0.9016   0.3108 150.5157  38.0000  -1.5675   3.1011
 181.400000   1.3956   0.9016   0.3108 150.5157  38.0000  -0.9748   2.9225
 181.600000   1.2927   0.9016   0.3108 150.5157  38.0000  -0.8998   2.8462
 181.800000   1.5535   0.9016   0.3108 150.5157  38.0000  -1.6386   2.7473
 182.000000   1.7907   0.9065   0.3118 150.4873  38.0000  -1.3625   2.8712
 182.200000   1.7454   0.9065   0.3118 150.4873  38.0000  -1.1482   2.8866
 182.400000   1.8559   0.9065   0.3118 150.4873  38.0000  -1.3316   2.5223
 182.600000   1.7921   0.9065   0.3118 150.4873  38.0000  -1.0898   2.6045
 182.800000   1.0207   0.9065   0.3118 150.4873  38.0000  -0.8830   3.0016
 183.000000   0.6730   0.9047   0.3132 151.2150  38.0000  -1.7228  -2.9262
 183.200000   0.6283   0.9047   0.3132 151.2150  38.0000  -0.8860  -3.1112
 183.400000   1.8803   0.9047   0.3132 151.2150  38.0000  -1.2709   2.7641
 183.600000   0.8470   0.9047   0.3132 151.2150  38.0000  -0.7414   2.4764
 183.800000  -1.0860   0.9047   0.3132 151.2150  38.0000  -0.4523   1.9239
 184.000000   1.8906   0.9116   0.3134 150.5623  38.0000  -1.2302   2.6457
 184.200000   1.6720   0.9116   0.3134 150.5623  38.0000  -1.0248   2.5189
 184.400000   1.5718   0.9116   0.3134 150.5623  38.0000  -0.9595   2.6586
 184.600000   1.5697   0.9116   0.3134 150.5623  38.0000  -1.1438   3.0135
 184.800000   1.7708   0.9116   0.3134 150.5623  38.0000  -1.1035   2.8041
 185.000000   1.5703   0.9146   0.3140 151.9097  38.0000  -1.1499   3.0172
 185.200000   1.8664   0.9146   0.3140 151.9097  38.0000  -1.4037   2.7471
 185.400000   1.8333   0.9146   0.3140 151.9097  38.0000  -1.3193   2.8864
 185.600000   1.6627   0.9146   0.3140 151.9097  38.0000  -1.0264   2.8055
 185.800000   1.4250   0.9146   0.3140 151.9097  38.0000  -1.2692  -3.1372
 186.000000   1.6749   0.9180   0.3041 152.7409  37.0000  -1.4238   2.9858
 186.200000   1.6243   0.9180   0.3041 152.7409  37.0000  -1.3167   3.1142
 186.400000   1.7647   0.9180   0.3041 152.7409  37.0000  -1.0474   2.8684
 186.600000   1.2216   0.9180   0.3041 152.7409  37.0000  -1.2509  -3.0120
 186.800000   1.9487   0.9180   0.3041 152.7409  37.0000  -1.2955   2.9027
 187.000000  -0.5373   0.9159   0.3062 153.2722  37.0000  -0.5479   2.0604
 187.200000   1.5575   0.9159   0.3062 153.2722  37.0000  -0.9347   2.6054
 187.400000   1.2026   0.9159   0.3062 153.2722  37.0000  -0.9343   2.2298
 187.600000   1.9385   0.9159   0.3062 153.2722  37.0000  -1.1647   2.5757
 187.800000   1.1690   0.9159   0.3062 153.2722  37.0000  -1.6842  -3.1069
 188.000000   0.7533   0.9146   0.3066 154.1419  37.0000  -2.2354   2.5014
 188.200000   0.9097   0.9146   0.3066 154.1419  37.0000  -2.1456   2.6585
 188.400000   0.6698   0.9146   0.3066 154.1419  37.0000  -2.2960  -3.0938
 188.600000   0.8434   0.9146   0.3066 154.1419  37.0000  -2.3245   3.0388
 188.800000   0.9852   0.9146   0.3066 154.1419  37.0000  -2.7309   2.7939
 189.000000   0.9331   0.9133   0.3065 154.9806  37.0000  -2.7600   2.8502
 189.200000   0.7417   0.9133   0.3065 154.9806  37.0000  -2.7132   2.3090
 189.400000   1.4079   0.9133   0.3065 154.9806  37.0000  -1.7632   2.7911
 189.600000   1.9475   0.9133   0.3065 154.9806  37.0000  -1.3201   2.5472
 189.800000   1.5580   0.9133   0.3065 154.9806  37.0000  -1.5389   2.3626
 190.000000   0.7192   0.9116   0.3059 155.6383  37.0000  -2.1368   2.4382
 190.200000   1.2313   0.9116   0.3059 155.6383  37.0000  -1.7765   2.4580
 190.400000   1.1107   0.9116   0.3059 155.6383  37.0000  -2.5048   2.7913
 190.600000   1.0253   0.9116   0.3059 155.6383  37.0000  -2.7435   2.6880
 190.800000   0.7988   0.9116   0.3059 155.6383  37.0000  -2.5664   2.3053
 191.000000   0.4470   0.9093   0.3056 156.0718  36.0000  -2.3543  -2.9497
 191.200000   0.2796   0.9093   0.3056 156.0718  36.0000  -3.0228   2.4228
 191.400000   0.1090   0.9093   0.3056 156.0718  36.0000  -2.9331   2.1491
 191.600000   0.1006   0.9093   0.3056 156.0718  36.0000  -2.7246   1.9776
 191.800000   0.4809   0.9093   0.3056 156.0718  36.0000  -2.6641   2.1403
 192.000000  -1.6735   0.9072   0.2977 156.5399  37.0000   2.8749   2.1089
 192.200000  -0.7072   0.9072   0.2977 156.5399  37.0000  -2.7898   1.5772
 192.400000  -1.0151   0.9072   0.2977 156.5399  37.0000  -2.5033   1.3802
 192.600000   0.0656   0.9072   0.2977 156.5399  37.0000  -2.4361   1.9592
 192.800000   1.0730   0.9072   0.2977 156.5399  37.0000  -2.4020   2.5851
 193.000000   0.5733   0.9058   0.2978 157.3560  37.0000  -2.9906   2.7227
 193.200000   1.1220   0.9058   0.2978 157.3560  37.0000  -2.5974   2.9031
 193.400000   0.6797   0.9058   0.2978 157.3560  37.0000  -2.9189   2.9782
 193.600000   0.9367   0.9058   0.2978 157.3560  37.0000  -2.6212   3.0855
 193.800000   1.1324   0.9058   0.2978 157.3560  37.0000  -2.5977   2.6139
 194.000000   1.0854   0.9060   0.2984 158.7186  37.0000  -2.7436   2.6632
 194.200000   0.9645   0.9060   0.2984 158.7186  37.0000  -2.8455   2.5651
 194.400000   0.9621   0.9060   0.2984 158.7186  37.0000  -2.8015   2.4928
 194.600000   1.1327   0.9060   0.2984 158.7186  37.0000  -2.4069   2.6605
 194.800000   1.0003   0.9060   0.2984 158.7186  37.0000  -2.2275   2.6538
 195.000000   0.5123   0.9039   0.2988 159.2123  37.0000  -2.4644   2.1433
 195.200000   0.5584   0.9039   0.2988 159.2123  37.0000  -2.4776   2.1202
 195.400000   0.6584   0.9039   0.2988 159.2123  37.0000  -2.3966   2.1887
 195.600000   0.8338   0.9039   0.2988 159.2123  37.0000  -2.7791   2.3519
 195.800000   0.9895   0.9039   0.2988 159.2123  37.0000  -2.1431   2.6926
 196.000000   1.1196   0.9034   0.2997 160.2492  37.0000  -2.5361   2.4904
 196.200000   1.1943   0.9034   0.2997 160.2492  37.0000  -2.6709   2.8295
 196.400000   1.2467   0.9034   0.2997 160.2492  37.0000  -2.6246   2.7146
 196.600000   0.7703   0.9034   0.2997 160.2492  37.0000  -2.8350   2.3423
 196.800000   0.9873   0.9034   0.2997 160.2492  37.0000  -2.0913   2.6418
 197.000000   0.3291   0.9013   0.2985 160.7162  37.0000  -1.8098   2.0004
 197.200000  -0.0159   0.9013   0.2985 160.7162  37.0000  -2.5094   1.8744
 197.400000  -0.6742   0.9013   0.2985 160.7162  37.0000  -2.7042   1.5739
 197.600000   0.0181   0.9013   0.2985 160.7162  37.0000  -2.3569   1.9260
 197.800000   0.9848   0.9013   0.2985 160.7162  37.0000  -2.7076   2.3748
 198.000000   0.8907   0.9010   0.2991 161.9429  37.0000  -2.8506   2.4580
 198.200000   0.3560   0.9010   0.2991 161.9429  37.0000  -2.8229   2.0936
 198.400000  -0.6331   0.9010   0.2991 161.9429  37.0000  -3.0583   1.9203
 198.600000  -1.0536   0.9010   0.2991 161.9429  37.0000  -2.2243   1.6224
 198.800000  -0.9381   0.9010   0.2991 161.9429  37.0000  -2.5590   1.4338
 199.000000  -0.9604   0.8984   0.2991 162.1660  37.0000  -2.7595   1.2475
 199.200000  -0.8433   0.8984   0.2991 162.1660  37.0000  -2.9811   1.6823
 199.400000  -0.6223   0.8984   0.2991 162.1660  37.0000  -2.4347   1.6794
 199.600000   0.4141   0.8984   0.2991 162.1660  37.0000  -2.3977   2.0605
 199.800000   0.4645   0.8984   0.2991 162.1660  37.0000  -1.8292   2.0410
 200.000000   0.3763   0.8963   0.2994 162.6439  37.0000  -2.5947   2.0177
 200.200000  -0.2583   0.8963   0.2994 162.6439  37.0000  -2.4854   1.7650
 200.400000  -0.6298   0.8963   0.2994 162.6439  37.0000  -2.5712   1.5380
 200.600000  -0.6350   0.8963   0.2994 162.6439  37.0000  -2.4327   1.6367
 200.800000  -0.6812   0.8963   0.2994 162.6439  37.0000  -2.9900   1.7909
 201.000000   0.8039   0.8950   0.3002 163.4201  37.0000  -2.5925   2.1743
 201.200000   1.1621   0.8950   0.3002 163.4201  37.0000  -2.7240   2.4879
 201.400000   0.9882   0.8950   0.3002 163.4201  37.0000  -2.8549   2.8083
 201.600000   0.4780   0.8950   0.3002 163.4201  37.0000  -2.9372   3.0774
 201.800000   1.1619   0.8950   0.3002 163.4201  37.0000  -2.5018   2.4202
 202.000000   0.6353   0.8933   0.2998 164.0600  37.0000  -3.0180   2.6422
 202.200000   0.9123   0.8933   0.2998 164.0600  37.0000  -2.3364   3.0212
 202.400000   0.9649   0.8933   0.2998 164.0600  37.0000  -2.3965   3.0141
 202.600000   1.1256   0.8933   0.2998 164.0600  37.0000  -2.7670   2.4601
 202.800000   1.1800   0.8933   0.2998 164.0600  37.0000  -1.8491   2.6461
 203.000000   1.2377   0.8932   0.2994 165.0963  37.0000  -1.7216   3.0323
 203.200000   1.1433   0.8932   0.2994 165.0963  37.0000  -2.5925   2.9036
 203.400000   0.6543   0.8932   0.2994 165.0963  37.0000  -2.7791  -3.1312
 203.600000   1.1394   0.8932   0.2994 165.0963  37.0000  -2.4368   2.4595
 203.800000   0.4817   0.8932   0.2994 165.0963  37.0000  -2.8391   2.1116
 204.000000   0.5554   0.8913   0.2989 165.6206  37.0000  -2.2550   2.1626
 204.200000   0.4895   0.8913   0.2989 165.6206  37.0000  -2.3213   2.0561
 204.400000   0.9814   0.8913   0.2989 165.6206  37.0000  -2.5805   2.2326
 204.600000   1.0844   0.8913   0.2989 165.6206  37.0000  -2.4650   2.3311
 204.800000   1.1257   0.8913   0.2989 165.6206  37.0000  -2.8139   2.5781
 205.000000   0.9555   0.8906   0.2998 166.6663  37.0000  -2.8558   2.4201
 205.200000   1.0702   0.8906   0.2998 166.6663  37.0000  -2.3665   2.8264
 205.400000  -0.0033   0.8906   0.2998 166.6663  37.0000  -1.9318   1.9488
 205.600000   1.1333   0.8906   0.2998 166.6663  37.0000  -1.5415   2.1337
 205.800000   1.4931   0.8906   0.2998 166.6663  37.0000  -1.0233   2.3894
 206.000000   0.4876   0.8888   0.3021 167.2347  38.0000  -1.5281   1.8145
 206.200000   0.1043   0.8888   0.3021 167.2347  38.0000  -0.9198   1.7267
 206.400000  -0.0835   0.8888   0.3021 167.2347  38.0000  -1.0604   1.5051
 206.600000   1.2280   0.8888   0.3021 167.2347  38.0000  -1.0642   2.1730
 206.800000   1.1234   0.8888   0.3021 167.2347  38.0000  -1.1368   2.0673
 207.000000   0.3843   0.8866   0.2953 167.5670  39.0000  -1.0610   1.7501
 207.200000   0.8498   0.8866   0.2953 167.5670  39.0000  -0.7840   2.3515
 207.400000   1.3892   0.8866   0.2953 167.5670  39.0000  -0.9266   2.4802
 207.600000   0.5370   0.8866   0.2953 167.5670  39.0000  -0.6966   2.3975
 207.800000   1.3615   0.8866   0.2953 167.5670  39.0000  -1.4199   2.1676
 208.000000   0.3295   0.8843   0.2971 167.8768  39.0000  -0.6789   2.2293
 208.200000   1.3311   0.8843   0.2971 167.8768  39.0000  -1.1370   2.1516
 208.400000   1.5919   0.8843   0.2971 167.8768  39.0000  -1.1031   2.3648
 208.600000   1.7554   0.8843   0.2971 167.8768  39.0000  -1.1616   2.4714
 208.800000   1.5509   0.8843   0.2971 167.8768  39.0000  -1.4058   2.3006
 209.000000   0.5917   0.8828   0.2992 168.6196  39.0000  -0.7410   2.1824
 209.200000   1.3255   0.8828   0.2992 168.6196  39.0000  -1.1168   2.1583
 209.400000   1.2746   0.8828   0.2992 168.6196  39.0000  -0.9004   2.3823
 209.600000   1.7183   0.8828   0.2992 168.6196  39.0000  -1.1045   2.5074
 209.800000   1.3869   0.8828   0.2992 168.6196  39.0000  -1.1592   2.1807
 210.000000   1.2504   0.8833   0.2999 169.9098  39.0000  -1.3578   2.0920
 210.200000   0.8536   0.8833   0.2999 169.9098  39.0000  -1.9814   2.4436
 210.400000   0.9396   0.8833   0.2999 169.9098  39.0000  -2.1634   2.7636
 210.600000   1.2257   0.8833   0.2999 169.9098  39.0000  -2.6493   2.7100
 210.800000   1.2109   0.8833   0.2999 169.9098  39.0000  -2.5366   2.7220
 211.000000   1.1511   0.8831   0.3001 170.9833  39.0000  -2.5244   2.8243
 211.200000   0.9211   0.8831   0.3001 170.9833  39.0000  -2.1742   2.8757
 211.400000   1.1189   0.8831   0.3001 170.9833  39.0000  -2.3891   2.7950
 211.600000   1.0067   0.8831   0.3001 170.9833  39.0000  -2.7619   2.9479
 211.800000   1.2268   0.8831   0.3001 170.9833  39.0000  -2.4813   2.5457
 212.000000   0.9896   0.8820   0.2989 171.7701  39.0000  -2.2548   2.4914
 212.200000   1.2461   0.8820   0.2989 171.7701  39.0000  -2.7266   2.5775
 212.400000   0.7592   0.8820   0.2989 171.7701  39.0000  -2.3634   2.1524
 212.600000  -0.4685   0.8820   0.2989 171.7701  39.0000  -2.4798   1.6565
 212.800000  -0.8012   0.8820   0.2989 171.7701  39.0000  -2.3467   1.0086
 213.000000  -0.6899   0.8794   0.2994 171.8588  39.0000  -2.4354   0.9221
 213.200000  -0.8939   0.8794   0.2994 171.8588  39.0000  -2.0676   1.5785
 213.400000  -0.7962   0.8794   0.2994 171.8588  39.0000  -1.9090   1.3639
 213.600000  -0.3292   0.8794   0.2994 171.8588  39.0000  -1.8184   1.6701
 213.800000  -0.7033   0.8794   0.2994 171.8588  39.0000  -2.6290   1.3421
 214.000000  -0.8698   0.8770   0.2993 172.0703  39.0000  -2.1340   1.5904
 214.200000  -0.7126   0.8770   0.2993 172.0703  39.0000  -2.0066   1.2795
 214.400000  -0.5381   0.8770   0.2993 172.0703  39.0000  -1.8575   1.0961
 214.600000  -0.4227   0.8770   0.2993 172.0703  39.0000  -2.1935   0.8070
 214.800000  -0.3914   0.8770   0.2993 172.0703  39.0000  -2.3623   0.8613
 215.000000  -0.5507   0.8749   0.2992 172.4189  39.0000  -2.2435   1.0450
 215.200000  -0.2685   0.8749   0.2992 172.4189  39.0000  -2.2277   0.7579
 215.400000  -0.6187   0.8749   0.2992 172.4189  39.0000  -1.8674   1.2875
 215.600000  -0.0141   0.8749   0.2992 172.4189  39.0000  -1.2220   1.2337
 215.800000   0.0116   0.8749   0.2992 172.4189  39.0000  -1.2483   1.2547
 216.000000   0.0105   0.8730   0.2992 172.9191  39.0000  -1.1452   1.4178
 216.200000   1.2720   0.8730   0.2992 172.9191  39.0000  -1.0188   2.2028
 216.400000   1.7325   0.8730   0.2992 172.9191  39.0000  -1.2380   2.4498
 216.600000   1.6420   0.8730   0.2992 172.9191  39.0000  -1.4352   2.4321
 216.800000   1.7281   0.8730   0.2992 172.9191  39.0000  -1.0974   2.6347
 217.000000   1.6664   0.8761   0.3000 173.6197  39.0000  -1.3520   2.3973
 217.200000   0.2049   0.8761   0.3000 173.6197  39.0000  -0.6270   2.1681
 217.400000   1.8549   0.8761   0.3000 173.6197  39.0000  -1.3670   2.6663
 217.600000   1.6755   0.8761   0.3000 173.6197  39.0000  -1.3959   2.4015
 217.800000  -0.3023   0.8761   0.3000 173.6197  39.0000  -0.4999   2.3104
 218.000000   1.7287   0.8799   0.3006 174.1363  39.0000  -1.2685   2.4103
 218.200000   0.9635   0.8799   0.3006 174.1363  39.0000  -1.9636   2.6011
 218.400000   1.8926   0.8799   0.3006 174.1363  39.0000  -1.2416   2.6577
 218.600000   0.5226   0.8799   0.3006 174.1363  39.0000  -2.0502   2.1977
 218.800000   0.9002   0.8799   0.3006 174.1363  39.0000  -2.0798   2.5482
 219.000000   0.6937   0.8785   0.3007 174.8369  39.0000  -2.3117   2.1607
 219.200000   0.9434   0.8785   0.3007 174.8369  39.0000  -2.1081   2.6346
 219.400000   1.2219   0.8785   0.3007 174.8369  39.0000  -2.5573   2.7373
 219.600000   1.0009   0.8785   0.3007 174.8369  39.0000  -2.8469   2.4698
 219.800000   1.1465   0.8785   0.3007 174.8369  39.0000  -2.7013   2.4365
 220.000000   0.8466   0.8775   0.3012 175.6770  39.0000  -2.7099   2.2132
 220.200000   0.6575   0.8775   0.3012 175.6770  39.0000  -2.2442   2.1434
 220.400000   1.1811   0.8775   0.3012 175.6770  39.0000  -1.7097   2.3786
 220.600000   1.4933   0.8775   0.3012 175.6770  39.0000  -1.5344   2.3731
 220.800000  -0.2905   0.8775   0.3012 175.6770  39.0000  -2.1527   1.7991
 221.000000   0.5078   0.8760   0.3008 176.3252  39.0000  -1.9182   2.1502
 221.200000   1.0159   0.8760   0.3008 176.3252  39.0000  -2.2536   2.6799
 221.400000   0.9154   0.8760   0.3008 176.3252  39.0000  -2.9213   2.6754
 221.600000   0.9222   0.8760   0.3008 176.3252  39.0000  -2.0740   2.5504
 221.800000  -0.0463   0.8760   0.3008 176.3252  39.0000  -2.4251   1.8030
 222.000000   0.9252   0.8752   0.3061 177.2630  40.0000  -2.0004   2.5358
 222.200000   0.9966   0.8752   0.3061 177.2630  40.0000  -2.2742   2.7402
 222.400000   0.9938   0.8752   0.3061 177.2630  40.0000  -2.3091   2.7891
 222.600000   1.0531   0.8752   0.3061 177.2630  40.0000  -1.8469   2.9255
 222.800000   0.9709   0.8752   0.3061 177.2630  40.0000  -2.1355   2.5331
 223.000000   0.7773   0.8746   0.3061 178.3521  40.0000  -2.9680   2.5756
 223.200000   0.9616   0.8746   0.3061 178.3521  40.0000  -1.9963   2.7534
 223.400000   1.0742   0.8746   0.3061 178.3521  40.0000  -2.8172   2.7457
 223.600000   0.9874   0.8746   0.3061 178.3521  40.0000  -2.2833   2.7552
 223.800000   0.9860   0.8746   0.3061 178.3521  40.0000  -2.4067   2.8992
 224.000000   0.6101   0.8736   0.3082 179.2472  41.0000  -2.1304   3.1284
 224.200000   0.7489   0.8736   0.3082 179.2472  41.0000  -2.8218   2.9985
 224.400000   1.0053   0.8736   0.3082 179.2472  41.0000  -2.3330   2.7994
 224.600000   0.3284   0.8736   0.3082 179.2472  41.0000  -2.8315  -3.0742
 224.800000   0.9289   0.8736   0.3082 179.2472  41.0000  -2.3677   2.9367
 225.000000   0.5779   0.8719   0.3085 179.7811  41.0000  -2.9725   2.9029
 225.200000   1.0655   0.8719   0.3085 179.7811  41.0000  -2.5687   2.9222
 225.400000   0.1190   0.8719   0.3085 179.7811  41.0000   3.1028   2.5708
 225.600000   1.0968   0.8719   0.3085 179.7811  41.0000  -2.3529   2.4881
 225.800000  -0.0119   0.8719   0.3085 179.7811  41.0000  -2.0789   1.9329
 226.000000  -0.0712   0.8697   0.3050 180.0389  42.0000  -2.9505   2.0132
 226.200000  -0.1161   0.8697   0.3050 180.0389  42.0000  -2.7425   1.7911
 226.400000   0.5018   0.8697   0.3050 180.0389  42.0000  -2.2092   2.0952
 226.600000   0.4720   0.8697   0.3050 180.0389  42.0000  -1.7105   1.9095
 226.800000   0.6608   0.8697   0.3050 180.0389  42.0000  -1.2542   1.7366
 227.000000   1.2266   0.8704   0.3052 181.4626  42.0000  -1.3237   2.0695
 227.200000   1.0099   0.8704   0.3052 181.4626  42.0000  -0.9363   2.1265
 227.400000   1.4001   0.8704   0.3052 181.4626  42.0000  -1.0511   2.2756
 227.600000   1.3358   0.8704   0.3052 181.4626  42.0000  -0.9623   2.3698
 227.800000   0.0347   0.8704   0.3052 181.4626  42.0000  -0.6455   2.0353
 228.000000   1.1894   0.8705   0.3050 182.6434  42.0000  -1.0922   2.0814
 228.200000   1.1154   0.8705   0.3050 182.6434  42.0000  -1.0507   2.0381
 228.400000   1.5153   0.8705   0.3050 182.6434  42.0000  -1.1672   2.2470
 228.600000   0.3419   0.8705   0.3050 182.6434  42.0000  -0.6990   2.0960
 228.800000   0.5884   0.8705   0.3050 182.6434  42.0000  -1.0096   1.7926
 229.000000   1.4692   0.8726   0.3056 184.1393  42.0000  -1.0674   2.2935
 229.200000   1.5486   0.8726   0.3056 184.1393  42.0000  -1.4030   2.2804
 229.400000   1.8089   0.8726   0.3056 184.1393  42.0000  -1.2201   2.6981
 229.600000   1.1286   0.8726   0.3056 184.1393  42.0000  -1.0470   2.0240
 229.800000   0.9596   0.8726   0.3056 184.1393  42.0000  -1.1596   1.8673
 230.000000   0.8753   0.8724   0.3055 185.3709  42.0000  -1.2786   1.8063
 230.200000   1.7229   0.8724   0.3055 185.3709  42.0000  -1.1842   2.4274
 230.400000   1.3948   0.8724   0.3055 185.3709  42.0000  -1.4103   3.0683
 230.600000   1.5730   0.8724   0.3055 185.3709  42.0000  -1.4344   2.3250
 230.800000   1.3605   0.8724   0.3055 185.3709  42.0000  -1.4104   2.1130
 231.000000   1.6048   0.8747   0.3060 186.2318  42.0000  -1.2244   2.2600
 231.200000   1.3978   0.8747   0.3060 186.2318  42.0000  -0.9484   2.4350
 231.400000   1.7813   0.8747   0.3060 186.2318  42.0000  -1.2765   2.7810
 231.600000   1.8195   0.8747   0.3060 186.2318  42.0000  -1.3242   2.6164
 231.800000   0.7925   0.8747   0.3060 186.2318  42.0000  -0.7646   2.3142
 232.000000   1.7917   0.8793   0.3060 186.4379  42.0000  -1.2851   2.4762
 232.200000   1.7105   0.8793   0.3060 186.4379  42.0000  -1.1792   2.3441
 232.400000   1.5005   0.8793   0.3060 186.4379  42.0000  -0.9822   2.6450
 232.600000   1.6499   0.8793   0.3060 186.4379  42.0000  -1.2148   2.9214
 232.800000   1.6565   0.8793   0.3060 186.4379  42.0000  -1.1106   2.8176
 233.000000   1.5706   0.8821   0.3063 187.8582  42.0000  -1.1190   2.2399
 233.200000   1.8521   0.8821   0.3063 187.8582  42.0000  -1.2427   2.6346
 233.400000   1.6584   0.8821   0.3063 187.8582  42.0000  -1.0817   2.7532
 233.600000   1.7878   0.8821   0.3063 187.8582  42.0000  -1.4109   2.6706
 233.800000   1.8479   0.8821   0.3063 187.8582  42.0000  -1.2800   2.5240
 234.000000   1.7850   0.8867   0.3063 188.3040  42.0000  -1.1446   2.6512
 234.200000   1.8803   0.8867   0.3063 188.3040  42.0000  -1.2726   2.5720
 234.400000   1.6419   0.8867   0.3063 188.3040  42.0000  -1.4462   2.8817
 234.600000   1.7580   0.8867   0.3063 188.3040  42.0000  -1.3322   2.8495
 234.800000   1.3762   0.8867   0.3063 188.3040  42.0000  -1.6175   2.3906
 235.000000   1.5544   0.8885   0.3066 189.2957  42.0000  -1.5829   2.6637
 235.200000   0.8545   0.8885   0.3066 189.2957  42.0000  -2.2956   2.8944
 235.400000   0.8569   0.8885   0.3066 189.2957  42.0000  -2.0287   2.8579
 235.600000   1.3080   0.8885   0.3066 189.2957  42.0000  -1.7279   2.6759
 235.800000   1.4818   0.8885   0.3066 189.2957  42.0000  -0.9658   2.6698
 236.000000   1.8800   0.8943   0.3065 188.9871  42.0000  -1.2245   2.6793
 236.200000   1.8843   0.8943   0.3065 188.9871  42.0000  -1.3723   2.5596
 236.400000   0.7911   0.8943   0.3065 188.9871  42.0000  -0.7840   2.7503
 236.600000   1.5885   0.8943   0.3065 188.9871  42.0000  -1.0012   2.6733
 236.800000   1.2650   0.8943   0.3065 188.9871  42.0000  -0.9249   2.8223
 237.000000   1.2942   0.8951   0.3063 190.4543  42.0000  -1.0397   3.0126
 237.200000   0.1937   0.8951   0.3063 190.4543  42.0000  -0.6389   2.5961
 237.400000   1.7648   0.8951   0.3063 190.4543  42.0000  -1.0993   2.4695
 237.600000   1.4689   0.8951   0.3063 190.4543  42.0000  -1.0052   2.2687
 237.800000   0.4440   0.8951   0.3063 190.4543  42.0000  -0.6890   2.2229
 238.000000   1.7375   0.8993   0.3070 191.3695  42.0000  -1.3589   2.3302
 238.200000   1.7265   0.8993   0.3070 191.3695  42.0000  -1.5074   2.5584
 238.400000   1.7087   0.8993   0.3070 191.3695  42.0000  -1.1945   2.9174
 238.600000   1.8123   0.8993   0.3070 191.3695  42.0000  -1.1263   2.7318
 238.800000   1.8640   0.8993   0.3070 191.3695  42.0000  -1.4011   2.5392
 239.000000   1.1223   0.8997   0.3069 192.8321  42.0000  -1.2126  -3.0836
 239.200000   1.8448   0.8997   0.3069 192.8321  42.0000  -1.1641   2.7586
 239.400000   1.8239   0.8997   0.3069 192.8321  42.0000  -1.4263   2.7430
 239.600000   1.9098   0.8997   0.3069 192.8321  42.0000  -1.2593   2.5041
 239.800000  -0.6033   0.8997   0.3069 192.8321  42.0000  -0.5660   1.8752
 240.000000   0.8120   0.8986   0.3064 193.6069  42.0000  -0.7619   2.3811
