#! FIELDS time phi psi sigma_phi sigma_psi height
#! SET action OPES_METAD_EXPLORE_state
#! SET biasfactor       3.531365367432721
#! SET epsilon      0.2478222005047053
#! SET kernel_cutoff       2.657579864249698
#! SET compression_threshold                       1
#! SET zed       0.741268585490922
#! SET sum_weights       25379.69014827514
#! SET sum_weights2       477650.0431333102
#! SET counter  3492
#! SET adaptive_counter  1750001
#! SET sigma0_phi       0.957090813460563
#! SET av_cv_phi      -1.593643358620439
#! SET av_M2_phi       573022.9990940614
#! SET sigma0_psi       1.994170615529559
#! SET av_cv_psi      -2.784107188390961
#! SET av_M2_psi        823091.028016255
#! SET min_phi -pi
#! SET max_phi pi
#! SET min_psi -pi
#! SET max_psi pi
                   3500     -1.348584378603352    -0.2723505379251475     0.2306145913389254     0.3108536908618377      9436.776978108304
                   3500     -2.475133881919886     -0.306613953005255     0.2241376472700044     0.3186100838785302      3700.929839706528
                   3500     -2.300408444259612     0.3549474594515011     0.1943377905057647     0.2577575829501574      2946.112236762956
                   3500     -2.587607951123114     0.7268686508304608     0.1986891974477135      0.279577002621096        1920.7395673612
                   3500     -2.550256105104605      2.677351979272558     0.2174277758592182     0.3019901746118603      6128.319078342249
                   3500     -1.172353364437362      2.611170010397102      0.213623794929736      0.299861154309212      11324.62338670062
                   3500     -1.997613540723632       2.61461906149955     0.2120114875433343     0.2904803566693554      4297.395269310735
                   3500     -1.310725348316885      1.346822668118271     0.2111052771038081     0.3270578351285947      2335.160515951918
                   3500     -2.251446843166417      2.116259065973937     0.2164600801667299     0.3135333280883299      1968.460674818572
                   3500     -2.882195128131304      2.660128093497955     0.2060435486039565     0.2877832866018172      4160.023118699605
                   3500     -1.364385572802587      2.158695149217674     0.2112438555765875     0.2796857111049853      3852.965101745182
                   3500     -1.804081455429656     -2.699696262371726     0.1962873372494852     0.2619837526468812      447.3573442623946
                   3500     -1.519464246723702      2.952632527536182     0.2125168850209762     0.2640518015815837      5265.173178296146
                   3500     -2.058727803363424     -3.062377783260161     0.2181043565068291     0.2677592879662154      2338.423575636603
                   3500     -2.760350680340177      3.099385438292718     0.2021901309903829     0.2572277360166182      2080.721659856755
                   3500     -1.468211993687266     0.5748822458032394     0.2085201299121535     0.2880620339313769      3282.331085767887
                   3500    -0.8207618950714978    -0.6650009501974876     0.1939934934346865     0.2525297797098389      2676.239328093586
                   3500     -1.139910221135577    -0.7089401544081394     0.2006415481091657     0.2410454374695168      4724.547369780321
                   3500     -2.791325232531212     0.3150371979581996     0.1980589698048614     0.2608643666215524      1350.761734570139
                   3500     -1.709813260668104      1.146284804390414     0.2050331344782752     0.2577431824242567      1314.023689815148
                   3500     -2.460102851111673     -2.499920958618802     0.1925829907386712     0.2561367723850765      133.8651953416095
                   3500     -1.687093647518058     -1.363758409518719     0.1870263656218793     0.2461251769580221      331.2496155493449
                   3500     -1.053794536336288     -1.096320301854581     0.1890088546472217     0.2458823614445953      1120.730120035875
                   3500     -2.670642849591091    -0.8636930052983994     0.1985994108503214     0.2420501659547806      1330.357091183376
                   3500    -0.8308397008350592       2.43744876806979     0.1950811471717799     0.2551729449943755      3613.230501409982
                   3500      -1.98804663836857    -0.1486740047729015     0.1888955519614793     0.2579960602009294      2996.395242336701
                   3500      -1.80591728089987    -0.5433195306815184     0.2001350187439072     0.2566639148282037      2417.746230312223
                   3500     -1.972394094284067     -1.114070948311773     0.1922483398554415     0.2330353786984493      621.0846080193987
                   3500     -1.031395455572792    -0.3721743525223518     0.1965525118632957     0.2366334157542873      3738.180731336153
                   3500     -1.868858311526168     0.4104297150391647     0.1891214693575454     0.2386396249666831      1406.880742947069
                   3500     -2.060568031885972     0.7821975292178305     0.1899636695913783     0.2555316327113235      1462.086744236916
                   3500     -1.181092571035842     0.2404789234714402     0.2005160692140405     0.2753722305827861      2671.573370775566
                   3500      -1.57661802702949      2.547473561118782     0.2012050751733222     0.2471981003420753      4713.757944791146
                   3500    -0.7317652461348275      2.012872553203375     0.1899545476768769     0.2432447117401022      1780.968178455166
                   3500     -1.807999379949885      2.051346456796158     0.1940788418197671       0.25847212075187      1238.739084733095
                   3500      -2.58946969749777      1.859490051498302     0.1845082213192488     0.2402772028446295      1034.911093592684
                   3500    -0.9401539947923048       2.85458948243339      0.180300906750305     0.2375773603064265      2818.223516453227
                   3500     -1.061630650824231      2.064401659075771     0.1949552252987622      0.273076986967741      3334.649988431612
                   3500     -2.637219459832659      1.396248620502222     0.2001509919137847     0.2404431985956419      579.0242515381008
                   3500     -2.645604001831238      2.218835493861569     0.1984872559542262     0.2428414339757848      1768.735417844729
                   3500     -3.106857390177541      2.870213045548219     0.1820420296408402     0.2731184981290419      467.3464247384067
                   3500      -2.87230651350858       1.94075974817077     0.1879651923056927     0.2598232859537579       889.388486567907
                   3500    -0.3685262145131175      2.202377423500449      0.183596441070526     0.2475984443818421      175.0961858585844
                   3500     -2.354612067022086      1.490913343562288     0.1834916698166753     0.2370364277042045      1089.913489464686
                   3500     -1.604256705519156      1.593816951123088      0.194453262752414     0.2640917858760724        935.30460574315
                   3500     -1.187271612177708      3.084888221992789        0.1804626169359     0.2406635785803661      2727.496400631994
                   3500     -1.125368064606744       1.60188280349759     0.1816999075714107     0.2261715272883865       934.909006448783
                   3500    -0.6859218879554841      1.660002421897001      0.170215397551272      0.246020764940055       217.878263741656
                   3500     -1.521660537095422    -0.7854195531633286     0.1837593048066224     0.2323957378694649      2113.579122146516
                   3500      -2.12002850097041    -0.8758594425504174     0.1837012312164115     0.2218322214996113      678.6301967366968
                   3500     -1.206340107900487     -1.558285757194367     0.1731275542091334     0.2193846746557079      101.2718943529276
                   3500     -2.752383078871524    -0.1042143685210413     0.1861396644453038     0.2258335426022614      1722.725452647206
                   3500     -2.892991083954233       0.92696944295646     0.1851689474914927     0.2494613789633988      698.6853908394986
                   3500     -1.195802974091747     0.8286791661985122     0.1839080332269728     0.2282217369953818      1217.886895629836
                   3500     -2.209621265697249    -0.4889496738990158     0.1764052022790241     0.2388539093950215      1823.241039097239
                   3500     -2.823674864150985    -0.4964971750507695     0.1770227979015712     0.2241745638324501      1385.121927024054
                   3500     -1.673808432279803     0.0889431806313757     0.1775973058000455     0.2387790058178777      2036.588272426214
                   3500     -2.570956824944909       -2.9111139987587     0.1777215034428119     0.2256596589689699      1062.053029403553
                   3500     -2.255378780860261      2.837418739015594     0.1883308634213271      0.236958857618858      1829.358987195486
                   3500     -2.033230575685387      1.566347687738723     0.1940149838848215     0.2154620876524123      723.5336493085034
                   3500     -1.400782688285595       1.00510728392796     0.1899050062284493     0.2432418080256794      1237.055550961483
                   3500    -0.7527535481949784      0.349491859932365     0.1803366080736207     0.2146333862270632      171.5350869226116
                   3500     -1.383335301450472     -2.968935609828838     0.1838259467619687     0.2226965936106543      1513.392243897919
                   3500    -0.6726301210244146    -0.1400288350200947     0.1678280128391339     0.2055003933137515       114.704706501327
                   3500     -1.022247698154834    -0.0317366992096602     0.1804612921354284     0.2107770601309233      1216.467174841158
                   3500     -1.043280859806513     0.5333129686854566     0.1828994923485373     0.2308828171471444      305.2085557653212
                   3500     -2.670992839452073     -2.656258678667367     0.1754538409078935     0.2157636756698184      394.8516037486468
                   3500     -2.417353167311107      0.965242711329213     0.1758984578853615      0.213378604001038      820.0514224057533
                   3500     -1.065269774672901      1.108607242066477      0.169536694644064      0.221248327729441       287.368621036063
                   3500     -2.377156912860229     -1.020360985170219     0.1704370052894659     0.2325133495518762      442.2457061586404
                   3500     -1.386668340633504     -1.085553119264815     0.1835442182310343      0.216731274461963      1164.059035144502
                   3500     -1.434527614387394     0.1503313245814774      0.166338994457582     0.2176292322540087      1305.064867224986
                   3500     -2.249121123098698     -1.438601404839797     0.1788313026883851     0.2222292663731638        228.85495198438
                   3500    -0.2427309417699881     -1.308368481683662     0.1757094484758306     0.2405651137147155      45.15311303612742
                   3500     -2.241784907322828   0.001808906438571089     0.1737271314903392     0.2034902440750495      1175.470190717962
                   3500     -3.105778764530149    -0.5724137098765775     0.1733629114607947     0.2381091062708044      313.7355343735632
                   3500     -1.737787587803973    -0.9529494934353796     0.1604261016531551     0.1898337410239024      267.6050385287796
                   3500     -3.137716167178842      1.264134020111856     0.1693828176508206     0.2091656991008582      247.5207548099621
                   3500     -2.480439967731622    -0.7124098080702841     0.1678693709943229     0.2115506520078036       490.916090724714
                   3500     -3.007607525622213    -0.3052409565747998     0.1705626974775656     0.2039644202327049      373.6723239070317
                   3500    -0.8140026194593767     -1.175524833359809     0.1716639720709353      0.226570063656167      698.4671156268951
                   3500     -2.946495602143428     -0.917769165432972     0.1746884114248752      0.208161248143688       188.521538464837
                   3500     -1.601861157234508    -0.3726350102984543     0.1654973700632226     0.2182773935056162      1002.751345956224
                   3500    -0.3023873200595633     -0.945838156873239     0.1758148915213788     0.2303292413313357      97.15881007253017
                   3500     -2.427457950854294      3.078163351009652     0.1761660220447084     0.2129678488647692      1858.751312791267
                   3500     -1.795768812319258      2.916881152316116     0.1725595724692855     0.2132901977291986      1307.027942677212
                   3500       -2.5392743407312     -2.202639189598969     0.1749970402768434     0.2133901163069122      107.9273715501274
                   3500    -0.6893224481682702       2.76828562662129     0.1720806928778661     0.2021297834401659      386.3214382227188
                   3500     -2.298515883564362      2.554664611081663     0.1686504420527658     0.2047098733630842      746.3434535244639
                   3500     -2.860465336134049     -2.866828381944465     0.1668219801390751     0.2102538008357777      309.2755278898982
                   3500     -2.280113366870676     -2.802456676432406     0.1699426489863237     0.2016945695264256      307.7045581464016
                   3500     -1.801284257079582      2.346591633903139     0.1779527173921817      0.202895551611029      642.7065870421803
                   3500    -0.8836906388071573     0.7926238377261444     0.1657404530892594     0.1895374976979905      130.2984349541283
                   3500      -2.54803140860403     0.1870408712438553     0.1614694714524477      0.213359048505114      1088.082087255567
                   3500     -1.490762985725352     -1.406915462328375     0.1650708133428433     0.2019995754413082      57.23935251905994
                   3500     -3.076769708984761     0.1420476459968538     0.1558226838413673     0.1882697488339909      131.3447756742006
                   3500     -2.872931216597025      1.583798393205652      0.159156290633585     0.2039373820458407      264.6092435322593
                   3500      -2.16031074224602      1.008439329096552     0.1552126614346592     0.2039793836666123      199.2879445192796
                   3500    -0.4583197721953072      1.927430486361638     0.1586228914361469     0.2027553584978726      189.5790892914547
                   3500    -0.9763592813913876      1.376785682261829     0.1683270250281578     0.1954374466453731      123.1012376470379
                   3500      -1.19457282767639     -2.016868160483153     0.1654886611193911     0.2000879051981757      118.0858749273241
                   3500     -1.547976696196668      -2.76295065029954     0.1674171756667175     0.2022097684922952      311.7661544653785
                   3500     -1.480974917131221     -2.459269961296505      0.161753833375801     0.1905048443998713      200.4821724232609
                   3500     -1.354199152694177      1.783830323129246      0.176178357084891     0.2019596405032182      503.2600349182416
                   3500     -1.697690636954042     -2.999628128651783      0.161090514463244     0.1953827613537155      260.8370568591306
                   3500     -2.833117857101777      1.249955676075041     0.1655017666509432      0.189811357192315      200.6745620193045
                   3500    -0.4923350227040784    -0.8674456303417237     0.1687240427376333     0.1929340064158447      126.7704035830798
                   3500     -0.591043575112118    -0.5948191346015577     0.1524599707220897     0.1865779762211479      275.9818073884365
                   3500    -0.6065398190413602     -1.063491935166606     0.1562168333914374     0.1901546570564955      64.25111430001563
                   3500      3.067684568000922       2.45172849881834     0.1558654458978705     0.1900949297498929      64.41619687477269
                   3500     -2.030346178278836     0.2279235323640044     0.1591000916911954     0.1876676736941329      706.6630716659425
                   3500     -1.117638796379734     -2.738697149868897     0.1553988096326616     0.1918865636249543      64.00637138600862
                   3500     -2.949847590393711      2.346768336457349     0.1670369063254152     0.1980541986903169      472.6017600002293
                   3500      -2.01463178445215      1.970420099514886     0.1605639761862222     0.1932071507063587      341.2247995780737
                   3500     -1.574878189565062      1.940210575953489     0.1550171429093107     0.2055671841915538      336.8463564804339
                   3500      -2.00710685013995      2.942758660203189     0.1547445367162187     0.1877341964475851      65.69869560190581
                   3500     -2.311103091521026     -2.317427912309664     0.1546843719034136     0.1875959651902489      65.77267857127454
                   3500     -2.161053609811757     -1.937362950055673     0.1537730834044731     0.1840005941652707       67.4552742141356
                   3500     -2.447720485546535     -1.930328239116547     0.1537547395714758     0.1841446820102575      67.41053393732956
                   3500     -3.051980562145776     -2.995093798430604     0.1537652970710865      0.184135732219925      67.40918175890347
                   3500      -1.81507695282224     -2.287883544944603     0.1512523246568326     0.1943757368095422      142.0265033773576
                   3500     -1.643661027762789     0.8127991420498012     0.1549967952751236     0.1823435173175729      287.8789805258865
                   3500       -1.9338420665596    -0.7657141716499143     0.1524818226279845     0.1842112826838072      67.94870109447787
                   3500    -0.7523445476619468    0.03991509681122984     0.1518763756335751     0.1834926842834918       68.4867380496773
                   3500    -0.5904545264341798      2.489667297700971     0.1529863178731036     0.1924695210134742      278.1379657356414
                   3500    -0.7128973404512684      3.033373274219421     0.1510191241068908     0.1817936550825281      69.51920414676599
                   3500     0.6099992602411507        1.3026373525252     0.1565342387122169      0.181438599476838      210.7637514384228
                   3500      1.367139572892119      1.002647399368538     0.1513176576196075     0.1809672948587755      69.69887301964886
                   3500      1.088559476105216     0.8236880838924897     0.1604537219726374     0.1932540005475658      708.6900743273369
                   3500      1.103688657619746     0.4340375626281872     0.1706403878250582     0.2002488499787517      1254.101726531477
                   3500     0.8923561233971408     0.6171894719158992     0.1639828614071656     0.1958679803621756      1479.770221196392
                   3500      1.340575468810202     0.2249159715605966     0.1522691252451567     0.1815566805418234      69.03850425627893
                   3500     0.6124881141990509     0.2647644596728421      0.150314499407309     0.1827084989156352      140.9486201153495
                   3500       1.02311464351007    -0.2900654972396663     0.1590443194955727     0.1900197721833074      707.9536695968939
                   3500     0.8243851677289189     0.8921193773812546     0.1727028994519959     0.1898726933210205      1051.775253809643
                   3500      1.097640833991741  -0.002369878840234023      0.167405782962661     0.2017943665078084        984.12875169192
                   3500     0.9298847431510399     0.3014702803468926     0.1653274279615473     0.1996317280413519      980.8946260771005
                   3500     0.5390170325671662      0.940803177993212     0.1516978133333196     0.1810525494361225      69.49146941640799
                   3500     0.8116403793766133      1.136632661393844     0.1595608163171572     0.1931006397335665      492.7600447073485
                   3500     0.9231048697709391      1.692678415170868     0.1514270653052772     0.1883046778539549      139.3959153723374
                   3500      0.733706116172355      1.499325231608243     0.1514211137573931     0.1808569399658166      69.69375199008158
                   3500      0.919135741809935      1.309905874768594     0.1534600524978278       0.18323325971509      210.7559021948784
                   3500     0.9044504577742666    0.08742057227005441     0.1541471929384709     0.1905189889952225      214.2060967680956
                   3500      1.328754852786508     0.6926030066208047     0.1573678237348694     0.1839989288948838      283.9319582651523
                   3500      1.221814659059709    -0.1756784922104289     0.1504456413993341     0.1799384691163243       70.5036869582591
                   3500      1.045213342478156    -0.5827359201330671     0.1531542114175013     0.1921468963362488      285.0780343683186
                   3500      1.155057799424978    -0.8078295272751305      0.160896879070539     0.1955788368554427      498.1449225355703
                   3500      1.041351763458693     -1.121461566477203     0.1612467051441857     0.1830963410574439      213.2560458126246
                   3500     0.7892903744386608    -0.8336310788994812     0.1502345263588097     0.1801605163644925      70.51574364001428
                   3500     0.7667208760270317     -1.479871613468748     0.1502034345010573     0.1802110569612307      70.51055988732611
                   3500      1.247601303800986    -0.5171573082309228     0.1500365610910657     0.2020769527064317      212.3590271596469
                   3500      0.696702982167493      0.469444697447384     0.1651772403787146     0.1960086226135518      356.4666447098507
                   3500     0.7445460294690578    -0.2445494981326601     0.1557596222260657     0.1957042105123255      355.8288696246763
                   3500     0.8480074496791907    -0.4830418352217678     0.1495987826001942     0.1799621561496881      70.89346655758364
                   3500     0.6564709733039972     0.7996060124660338     0.1503899072729669     0.1806532614135802      142.6433246324102
                   3500      0.479772080422463     0.7514468232520501     0.1485638436760194     0.1789668624293758      71.78433953672238
                   3500      1.053821233509583     -1.403689519357491     0.1480206414926034     0.1894848715386012      144.3176212151432
                   3500    -0.7501016568043968    -0.9552437301254395     0.1557978226289307     0.1781509990811681      217.1079894234242
                   3500     -2.830044801210325     0.5837240483624847     0.1496894221395508     0.1799958528388867       218.887707805782
                   3500      3.046657016437925    -0.4135547499060177     0.1489741735798305     0.1771541816867439      72.31910905668806
                   3500     -2.906269468606181    0.08594230851577489     0.1483965540496216     0.1766485287865363      72.80842212440729
                   3500    -0.5372308853982175     -1.336631793173675     0.1485043258769524     0.1760664101080502        72.996131736915
                   3500    -0.9781562113143032     -1.556545977670656     0.1483771933691647     0.1759264875915378      73.11678322591177
                   3500     -2.761243640715829     -1.152554146122769      0.156643345562287     0.1799620943760809      147.7183378501729
                   3500       -2.0150569030596    -0.4309719515651458     0.1485438506390826     0.1753255188494394      73.28509408046256
                   3500    -0.8072847480126196    -0.2858714787161569     0.1486854515317733     0.1901288678079483      146.9878494052438
                   3500     -2.330715360465035      0.728658608585636     0.1493566898177998     0.1744505336084794      222.1389339054103
                   3500     -2.177065094264353      1.218470857960455     0.1475612545675328     0.1741697985974825      74.26262077491955
                   3500     -2.442298281990797      1.234792673590393     0.1500959942257583     0.1769789424706154      148.6329300701351
                   3500      -1.70095078218423     0.5774366287622927     0.1473561024679466     0.1753948788684345      149.2330051920769
                   3500     -2.180512242416196     -2.497157786096843     0.1471537814822712     0.1739342532313215      74.56910257781972
                   3500     -1.096406096442555     -2.200337024282042     0.1471103740146457     0.1743921810370228       74.3952403891286
                   3500     -1.013184861190761     -3.013881213372918     0.1470327174736402     0.1756115364198639      73.91769807671973
