#! FIELDS time phi psi sigma_phi sigma_psi height logweight
#! SET action OPES_METAD_EXPLORE_kernels
#! SET biasfactor       3.531365367432721
#! SET epsilon      0.2478222005047053
#! SET kernel_cutoff       2.657579864249698
#! SET compression_threshold                       1
#! SET min_phi -pi
#! SET max_phi pi
#! SET min_psi -pi
#! SET max_psi pi
                     10     -1.662463829345572      2.643875638042503     0.9226996372947056     0.4813043698467512      1.442249570307409     -3.531365367432721
                     10      -2.14041398840118     -2.548008604747015     0.7445147719498703     0.4574945884723671      1.442249570307409     -3.531365367432721
                     11     -2.804944174330071       2.78473449004944     0.8170424024865524     0.4237884194197984      1.849809016834367     -0.857440778313901
                     11     -2.665876988722606     -3.062073238900202     0.6992946383037384      0.426956721352502      1.645339959810379    -0.3394269623713249
                     12     -1.054720611495232      2.286007764418136     0.7511740165736462     0.3856504489526029      2.210986925890441      -1.45841294192857
                     12     -1.221057849287152       2.73580255884399     0.6425942267978895     0.3922918766357554      1.948738494371434    -0.5888812060454851
                     13    -0.8156601534724106      2.591988324269667     0.7085147669771056     0.3569336201486872      2.532702679177222      1.062133340796665
                     13     -2.723105432822101      2.881138315954852     0.6064035715990176     0.3705405819627184      2.186261811367056     0.5978250996167401
                     14     -1.156871371077517      2.023760241199372     0.6767586868091352     0.3385599073021882        2.7954466395779     -0.227035448962587
                     14     -2.494322358167032      2.783245748426662     0.5967888912666827     0.3475341773525331      2.368543948460435      0.888828192081532
                     15     -1.694816423502944      2.022211956685679     0.6457728189279376     0.3425060388521903      2.895826769476376   -0.01996370881452244
                     15      -2.31204573404605      2.002827457034353     0.5829884343093725     0.3317120400421756      2.540262074275782     -1.435489386662868
                     16     -1.623599933898778      1.595683464883111     0.6171585826220162     0.3513636852895955      2.953703695294742    -0.9457127067776883
                     16     -2.540484944319305      3.003007151454949     0.5653200209314384     0.3193974802376041       2.72065733810232     0.8914520758616842
                     17     -1.189731115610005      2.103001521426849     0.5945503148771319     0.3451683767974837      3.121051674203353      1.188449940305223
                     17    -0.9619381401034142      2.260160971272152     0.5464827927241479      0.308171455861722      2.916962169995218      1.019579688052197
                     18     -1.247719897257487      2.423814735475018     0.5731210463428188     0.3320445365779353      3.365719175118222      1.523172739693573
                     18      -2.84559060890499      2.576174698422158     0.5320765221952611     0.3007510977343616      3.069858665394094   -0.00472574174223289
                     19      -2.52321771741696      2.451975836590147     0.5565649310399107     0.3200882654238099      3.595298733291621     0.5679475183809176
                     19     -2.911031279460073      2.109013419329385     0.5178131327012258     0.2917772087371786      3.251436468473652     -1.326050478420676
                     20     -2.662079608259324       2.53302115143264     0.5468090087937446     0.3104007855277474      3.773654193270894      1.313218844962584
                     20     -1.209399845557449      2.267039762125419     0.5051983981947136     0.2843679258498756      3.419456815756047      1.629458046013371
                     21     -1.212632606991992       2.92345232016074     0.5339545125295796     0.3054017383085015      3.927758770350148    -0.4363996489426759
                     21     -1.031689432214706       1.19615964875841     0.4934525760800006     0.2854484715212942      3.487599094146032     -2.884353379333103
                     22     -1.303745039590884     0.9458045392408767     0.5190924773328773     0.3249482626896721      3.797183790941795     -2.135671956951668
                     22     -2.325777116855582     0.1007641907526455     0.4784302284151857     0.3499161817426362      2.934384771917877     -3.531365367432721
                     23     -1.126374641116839     0.3139921402257428     0.5053306744226844     0.3699071187867936      3.426511723978201     -3.159307119237119
                     23     -2.963413580084045      1.099102579250995     0.4718629229514654     0.3795409913481319      2.742995893116905     -3.516551732813166
                     24     -1.349813021402507    -0.4033970695983071     0.4929512703452303     0.4203996459091915      3.090681418752498     -3.146070807609789
                     24     -1.552545363175076      2.551386475823904     0.4655080874437182     0.3758017019549151      2.808107474051622      2.122355087144157
                     25     -1.851561254737716    0.04541572440543007     0.4798615524523075     0.4718575683212359      2.828744306735131     -1.354141656808534
                     25     -1.547959970646679      2.729484174905348     0.4605125641406926     0.3679175545430476      2.899397133088389      2.021126041725547
                     26     -3.058775725107302    -0.4003550107303271     0.4767110459667586     0.5078362967403925      2.645706227585696     -3.315243472707446
                     26     -1.399287954888056      2.953215028789697     0.4530850149975374     0.3628331312003594      2.988223405049719      1.373331045669407
                     27     -2.294760066260835     0.2158886865570482     0.4702302662026805     0.5227034833036729       2.60588112210906    -0.8867734473484197
                     27    -0.7370563381146895       2.45089120942268     0.4442567211951615     0.3584048014912747      3.085260737145676      1.981206366743273
                     28     -2.865779576401969     0.5244635895346335     0.4608420511230257     0.5190076330752706      2.677902291324373     -1.631465058033597
                     28     -2.557115265039005      2.913121672786649      0.438833977925517     0.3529987632808497      3.171219242854666      1.678885880527112
                     29     -2.350084035447199     0.2786792443075106     0.4532653952789361     0.5201304831707411       2.71678769661329    0.03199894671660501
                     29     -2.256751460898341      2.845348646693078     0.4366083398434836     0.3447350245157109      3.263790411826367      2.100827854063701
                     30     -1.283467575289086    -0.7557883486554382     0.4441258267658366     0.5278011288296531      2.732399701221138     -2.173762749093165
                     30    -0.9559605886538676      2.888978883655075     0.4299658832282843     0.3369894521725311      3.390387938142536      1.434802466897605
                     31    -0.9835711318206912      0.425892283557566     0.4391382258691711     0.5302034247360551      2.750912655252736     -1.230467804905099
                     31     -1.528905189665352      2.846136675838995     0.4212507437889293     0.3358404085664489      3.472370582864474      2.261071069898132
                     32     -1.037112623233184    -0.8289843946718785     0.4349397682296699     0.5333727325575564      2.760963367998938     -1.450531563446009
                     32     -1.312766120119205      2.905454217259833     0.4150018783262414     0.3299070108212269      3.588046737202034      2.270844702432862
                     33     -1.145214425730114    -0.7372369577689373     0.4285427687918781     0.5427357317150864       2.75383545301273    -0.3771493330905396
                     33     -1.110371083026819      2.880158224689938     0.4082352112015813     0.3235855867368799      3.718776422871368      2.342531686907959
                     34     -0.953753360591191    -0.8536429101248988     0.4230145709780022     0.5440225493731967      2.783225177291294    -0.2967316082248448
                     34     -1.071802986358909      2.745670538239406     0.4013217064565421     0.3174831987270488      3.855549658276054       2.72631912380528
                     35     -0.786305204899814    -0.4976114260545104     0.4189272479021057     0.5391839392670558       2.83560032087565    -0.1942301365612361
                     35     -1.815285743567248       3.02961421749587     0.3986170522274983     0.3136834380212383      3.928730479102774      1.676765848830629
                     36     -1.301733317867992     0.1372034371712019     0.4137473195332255     0.5341957558196655      2.897910352989894   -0.05826918721819998
                     36     -1.055821281383355      3.107174825861886     0.3931846877338132     0.3078349438812559      4.058683492479934      1.492626618975999
                     37     -1.132316929440214    -0.6648011957314659     0.4077205705584173     0.5307960829327726      2.959581066339903     0.7132650196686322
                     37     -1.716153120530679      2.858063730328599     0.3874934243693888     0.3030531608285812      4.183276236108406      2.417560916852302
                     38     -1.123638791643709    -0.1893217839874013     0.4017259881216542     0.5268502243196738       3.02624075642185     0.7510631474096005
                     38     -1.240238901473895      2.755142311557229     0.3808646839170456     0.2982130713430436      4.325161403945918      2.898660020857185
                     39     -1.133390261171557     -0.336504271950766     0.3958676326795728      0.517994035121732      3.123530997265356      1.151817867313083
                     39     -1.487063959710178      2.477275369801095     0.3758140640891069     0.2933376083951148      4.456140988652101       2.50034266259163
                     40    -0.5777658341835021    -0.8854166495967206     0.3903771632307327     0.5115330270583907      3.207469164501999    -0.5239974813641456
                     40     -1.028631631939783      2.796363295374519     0.3698796439785772     0.2895016290447324      4.587628644959089      2.672268895739897
                     41     -1.283925437903312     0.1383316876583454     0.3846351948995542     0.5037913372919466      3.305375904102636     0.6707529294891887
                     41     -1.056879329686385      2.562118613286132     0.3648036253147061     0.2848521943061625      4.727385118277317      2.814653155814705
                     42     -2.549866209958817     0.7408111579614003     0.3828339027565958     0.4960236646193509      3.372933551869985       -1.3065319243038
                     42     -1.147220768588866     -2.676808276960977     0.3598464671837511     0.2838310912549639      4.809749833966626      -2.27976039092046
                     43     -1.811826243259728   -0.04572997875877816     0.3825582503927892      0.490335099558771      3.414522807310414    0.07832289798439596
                     43     -3.002147289660308      2.921590511889934     0.3583669348115748     0.2842593168234495      4.822331465913952     0.5358727352912551
                     44     -2.334895203774519     0.1710047197144018     0.3790572339212376     0.4828307123198903      3.499620053469074     0.1010798484290904
                     44     -2.560173297267072     -3.002050237368405     0.3601297103063201     0.2822943445440735      4.832129550554794   -0.04963375562818285
                     45     -1.125897981649916    -0.3028028259698199     0.3785633771473777     0.4759568150211909      3.554793897134582      1.395175526088569
                     45     -2.648859593268975      -1.07771731828752     0.3582583134552534     0.3104811276398634      4.416398101035409     -3.208578457763089
                     46    -0.9158205399807038    -0.5802079385255219     0.3748020149864176     0.4693683341266239      3.640867458036588      1.431521930391763
                     46     -2.631793166021188     -1.149805834066862     0.3577597193644989     0.3475913601972374      3.950383734468452     -1.839670752543484
                     47    -0.7872234405565863    -0.7888432195221498     0.3711933188100747     0.4640348833020182      3.718517184324576      1.095805005481195
                     47     -2.778426106422084  -0.006932179772934255     0.3549656334111964     0.3836989228732485      3.606806223820571    -0.5230044027289216
                     48     -1.395820982873684    -0.5140205807345248     0.3679835095499707      0.458723622905627      3.794382513694167      1.349429132976482
                     48     -2.256196855534837    -0.5604138565265728     0.3530586486793122      0.414302770227732       3.35841999390831     -1.098611651612557
                     49      -1.26976693787567    -0.1071586902771644      0.364054576369257     0.4526293433609063      3.886971648002096      1.728825546356113
                     49     -1.657910842696921    -0.7644892065316289     0.3482573060603038     0.4325319789620531      3.261228583631587     0.2686103945870505
                     50     -1.352429442910179    -0.4128327722834659     0.3597666545937916     0.4470128980689243       3.98271849349478       2.00228700032888
                     50    -0.9775321405569297    -0.4873754405334667     0.3449080026731992     0.4478580677785385      3.180211658897323      2.074673091802914
                     51     -1.511647359365574    -0.4108125322759322     0.3557788267667685     0.4420494606310434      4.072579860045034      1.850173296635172
                     51     -1.103167389805331    -0.2121664777803267     0.3438273117454815     0.4591144768849035      3.111991052731145      2.306155923053506
                     52     -1.635733487446593    0.04315548065416941     0.3519835323924506     0.4365590212628334      4.168264410958602      1.426384623710738
                     52      -1.47168365935813     0.7653336841358147     0.3403091606363534     0.4726467091911077      3.054143370761291     -0.518229893221961
                     53     -1.537398113844556    -0.1692352344166292     0.3480966801425999     0.4313744967265691      4.265463459485138      2.031819165747109
                     53       -1.1733106250762     0.9302519458261482     0.3371646348475026     0.4945025471249343      2.946382663091445    -0.5819253403578902
                     54    -0.9859869552436304    -0.1966260787872058     0.3445845022498536     0.4268713345550771      4.354395173518024      2.344035826626468
                     54     -1.440380319777048       1.17040355722837     0.3342180408597129     0.5125647528711621      2.867616505188922    -0.6872525938489596
                     55     -2.676241258507293     -0.729335474368384     0.3423807423897628     0.4228997164069689      4.423579631448361      -1.15420493086331
                     55     -1.204572611353143      2.017016366632962     0.3313006266754015     0.5316692346627501      2.788919063325859      0.555709863248851
                     56     -1.142394266482019    -0.8691641388901279     0.3404289372391189     0.4179338745627819      4.501803460343132       1.90170079938203
                     56    -0.8276530466154415      1.871185272629777     0.3286988572111259     0.5551615640430207      2.692043751374582    -0.4060536185075782
                     57     -1.140629410720925    -0.1541574047490561     0.3364660818293332     0.4130646552699479      4.608517561772442      2.687639440733243
                     57     -1.319029575375828        2.6577146553258     0.3273410482401196     0.5754352509571357      2.607971053152008      2.604574673360367
                     58     -1.290534993887135     0.6879037397086361     0.3325873484402506     0.4134713061217665      4.657678118838989     0.5616672071944069
                     58    -0.3048711850759935      2.292421390251128      0.324433237216449     0.5859336364338935      2.584198847937579     -0.784568435228157
                     59     -1.174414672199908      1.636293551485419     0.3303344329864695     0.4190109359146447      4.627446106521248    -0.1401968354105707
                     59     -2.744560464780212      2.502283667819767     0.3244828321755744     0.5973842914108982      2.534277549196672     0.4573810300457991
                     60     -1.566978963468177     0.8409145125997117     0.3266805503941904     0.4180118765258397      4.690386953253952     0.2678376475666117
                     60     -2.254546355289431      2.051975791505475     0.3251409982571804     0.6051049866663776      2.496877477123692    -0.5059258778831461
                     61     -1.181804189179201     0.5768131037431878     0.3231417538518712     0.4147364088691717      4.779201397047345      1.126775591008643
                     61    -0.9418633137236387        1.9491311950029     0.3227666533775198     0.6155575754353041      2.472534493278523     0.6641324359634073
                     62     -1.371583611942666     0.6527254838989727     0.3198394385243504     0.4106819454042515      4.876216142801799      1.377141915363268
                     62     -1.515457380855762      1.267689030311407      0.320010972492758     0.6317119760855308       2.43005284804938     0.3167482295449856
                     63     -2.631335420385049     0.6890300350481793      0.319767728245931     0.4074266519413453       4.91627883009306    -0.9557541721132392
                     63     -1.740383543321208      2.651264270089845     0.3175228373716123     0.6412431646862459      2.412692549262498      1.825901575848308
                     64     -2.724066739896989     0.4583999706564308     0.3209882201230324     0.4032868790685015      4.947859806662438    -0.3336723093476964
                     64     -2.813939600949357      3.089523655350677     0.3182911261788661     0.6388833110451611      2.415759099853316     0.3346416813502877
                     65     -2.575460585044505     0.4449787380475954     0.3211911259894429     0.4001688136969195      4.983262848280705     0.1895730623766531
                     65     -2.042430879576045       2.90356559552821     0.3184074606890801     0.6352628550911742      2.428639203614504      1.080047369994682
                     66     -2.687744500174643      3.110064972169331     0.3231357707132937     0.4059287905601907      4.882988275849097     0.5986481128526951
                     66      -2.70022678282155      1.965153699016381     0.3181206764789272     0.6331707374207631       2.43886053418567     -1.213714425238629
                     67      -2.32288508133739       2.30991579351637     0.3224543409845817     0.4207971962179267      4.720407671508954     0.5071730046055813
                     67    -0.9064545490526235     0.6669897407708305     0.3174404885409252      0.633881315344558      2.441346534570976     0.1402602508732476
                     68     -2.713941096539818      1.640805867755343     0.3214058735936218     0.4266816762436449      4.670493491310721     -1.804383549460675
                     68     -1.161097381585407      1.392355278168529     0.3155537585199483     0.6376217216814589      2.441536592226382     0.3296263930327696
                     69     -2.664206187384166      1.605690642841794     0.3200701633836639     0.4243123625915694      4.716172655961545     -1.110026023576749
                     69     -2.640390082288687      2.428689541410966       0.31375149174066     0.6349852708576059      2.465756846890493     0.9229935037208479
                     70      -1.94148419655365     0.5457424157661936     0.3173845477748113     0.4205629267756213      4.798481311302095    0.05248076300698517
                     70     -2.298532798800825       2.23581390239731     0.3120716058104998     0.6300339760493112      2.498512188978024     0.7892278007041144
                     71     -1.300454207986145      1.866438806996324     0.3146637150211284     0.4171328332818568      4.879772012008702     0.7141947676055797
                     71       -2.7521042434028      2.881875432625863     0.3111513767133683     0.6249157290887106      2.526425613904039      1.353526237413435
                     72     -1.440011962222317      2.091193293481401       0.31610343708569     0.4195123989408406      4.829993581212339       1.21413096566461
                     72      -2.23834499019924      3.010098292324073     0.3113260646167164     0.6198859282717232      2.545496117379682      1.143377773699544
                     73     -1.212470017461361      2.163154454063299     0.3157618394859628     0.4208240819995723      4.820147684104566      1.597604468568107
                     73     -2.824051985913103     -2.751989861224484     0.3100437100237828      0.614267610589185      2.579402742765739    -0.5871753832955506
                     74     -1.018770287349037      1.987176546396818     0.3151772451476847     0.4208115160920043      4.829232350871501      1.250495730980732
                     74     -2.579915919310811      2.754224464651025     0.3092934968410721     0.6088635013886059      2.608608884397391      1.677285525397658
                     75    -0.6151327013933297      1.828402778491636     0.3151294921821368     0.4183258030805373      4.858664036259126    -0.2046988831381067
                     75     -2.834837705965386      2.571611367251188     0.3085183901475515      0.604207570022279      2.635314671569743      1.276150060933402
                     76     -1.142660010511771      2.503301975560479     0.3135622900924371     0.4182223164275631       4.88415617111239      2.196028339697266
                     76     -2.700963849612626      2.669872460497543     0.3075462974596361     0.5998753336427796      2.662736498007952      1.716725013974455
                     77     -1.500734747159509      2.557358294558053     0.3116945596651002     0.4189897914843446      4.904422871092732      2.156451812552585
                     77     -2.478335286793214      2.877292163376356     0.3058951594732333     0.5948112977503446      2.699901281691614      1.763914136327003
                     78     -1.232533608190894      2.451292072861322     0.3095408542888257     0.4190800691995136      4.937482724016681      2.388005798530345
                     78     -2.719850392374012      2.185329528562643     0.3041565181594866     0.5897968180940122      2.738420551137607     0.9003084811754635
                     79     -1.705371779590536      2.246076641715613     0.3078550771840797     0.4173905252760389      4.984615527817301      1.575382998368486
                     79     -2.008646475348484      2.465372296828274     0.3016858468133955     0.5849235695147286      2.783848781077263      1.460871117191338
                     80     -1.487668410445031      2.251865147526365     0.3067494509301045     0.4147671738316616      5.034222442339392      2.064796642851368
                     80     -2.191822735317196      2.303558670307832     0.2995697280446026     0.5809056759003387      2.822904288832277      1.266013746833464
                     81     -1.089014186838868        2.6483090721439     0.3049168157466813     0.4137681422618826      5.076707568285213      2.391681353114363
                     81     -2.241399764799918      0.341287603059099     0.2972132605705664     0.5826876329406381      2.836584436988086     0.1653757491017356
                     82    -0.8156292602793354      3.068722724931022     0.3034533873144498     0.4111564580188347      5.133593389920207     0.3786402993568175
                     82     -2.280713303355975     0.2200467227386245     0.2961508880714699     0.5903700485189333      2.809715473243499     0.2857822426552817
                     83     -1.269517343693713      2.538553344793557     0.3013769590385966     0.4107306837457645       5.17432112724354      2.692547734972991
                     83     -1.233557409147028     0.4388558147537998     0.2950415382505908     0.5918556461352856      2.813200849829617      1.273395685195814
                     84     -1.137412519598158      2.043819054926799      0.299974257345851     0.4076076227324572      5.238347303235344      2.034282030043607
                     84     -1.305911182819176      1.050906116956759     0.2948121367881371     0.5914973900975646      2.817095094413579     0.6581352746351775
                     85    -0.9551814150976257       2.59560718756101     0.2981992661311679     0.4048662084579402      5.305208685832598      2.302752117187569
                     85     -1.400711913237798    -0.2794805554942665      0.294447817128218     0.5915346430406712      2.820403049131768       1.76766531795845
                     86     -2.382967312675365      2.802594231718386     0.2987720473022837     0.4033272292446732       5.31524229893645       1.61360521936107
                     86     -2.606050038837235    -0.5115382106251851     0.2934705492742932     0.5956647241312916      2.810174523255009     -1.175801504305344
                     87     -2.627327163246389     -3.077191301267289     0.2992783670926242     0.4022958526454788      5.319853734933598      1.069130036059896
                     87     -2.422976153745884     0.1271818005163272     0.2922076628018756     0.5974912689926901      2.813691862618948     0.2040219690110893
                     88      -1.20051960586241      2.672451064230042     0.2984693633716308     0.3999471473125598       5.36559897240449      2.634265692930633
                     88      -2.54398611711667    -0.8238115208657422     0.2906830515298396     0.5986689722381745      2.822885336380321     -1.159696135268228
                     89      -1.16114130590896      2.832538784936276      0.297093006024045     0.3972517018521933      5.427031950427302      2.366485553733466
                     89      3.057266183595536     -1.335558536987175     0.2896588194044006       0.60322074967942      2.811490823285088     -3.099473909050543
                     90     -2.640059600002683      2.821598187111908     0.2965769074970585     0.3946847704811279      5.471833471881616      1.954986955394816
                     90     -1.384640806265167     -2.322311774449982     0.2891234326472016     0.6119986729391588      2.776297018704168     -3.000000778611624
                     91     -2.333088940930439     -2.671428899242767     0.2969479110489085     0.3924047310370425      5.496750993340975    -0.6186547947416652
                     91     -1.186711432404418      2.143851866446796     0.2882873906094118     0.6156829327267989      2.767686762998272      2.649434009993981
                     92     -2.876210972298086      3.054800164021101     0.2978790474634053      0.390064381830139      5.512445659340574      1.467300299117552
                     92      -1.41168891659628      3.124326473514535     0.2867617163010736     0.6179871526828877      2.772037371279701      1.460279159819274
                     93    -0.9822934318547163      2.105836333208942     0.2977413107224448     0.3874351866299625      5.552421362072966      2.202610116673476
                     93     -1.198125674627708      2.964709486833137     0.2867299316646992     0.6176218419306717      2.773984443103373      2.343971561987174
                     94     -1.320318762322604      2.556150592805373     0.2969524060267946     0.3848964025453186      5.603893491909698      3.242417217750875
                     94     -1.066346932294857      2.331583963388155     0.2865963400013789     0.6155772116698558      2.784495526994749      2.969218659632511
                     95     -2.046178543626921      2.979801890896989     0.2954767767998727     0.3826902237302385      5.664347021337211      1.345071399048851
                     95     -2.292185719801651      2.616447740644948     0.2858337478531959     0.6126272927285427      2.805368097672054      1.745759375254919
                     96     -2.908789128115827     -3.111182137268563     0.2962247616422075     0.3806777955349926      5.679912802052505       1.15811439322495
                     96     -1.396756027329717      1.022956950383126     0.2845228353741112     0.6086634526561431      2.836647333424486     0.6498664949688766
                     97     -2.487280638360155      2.491169628748643     0.2962095845299622     0.3782061279796362      5.717325319350179      1.799770452023848
                     97     -1.667715172044449     0.3979092162985287     0.2832028105756446     0.6062976938553886      2.860989231603305     0.8966948114779389
                     98     -2.783504704209816      2.946178033985171     0.2950254202355136     0.3757155838009832      5.778324485332003      2.030216253041954
                     98     -1.606180180111825      0.218139881050389     0.2819944149959598     0.6039435707002274      2.884448765105324      1.188724999386801
                     99     -1.350891751761135      2.914314942887032     0.2944283997799823     0.3732125390665513      5.828873734375476      2.507209630714446
                     99     -1.370230942892142     0.5421767421555934     0.2803161989114578     0.6026430580295303      2.907979528786319      1.351731593165375
                    100     -1.768319245944103     -2.692628312122424     0.2929441758561881      0.373736961323169      5.850185735865781      -1.36669905512723
                    100     -1.262317720039685      1.489181362112237     0.2789324719202722     0.5988434053325021      2.940948040851907      0.844801827582226
                    101     -1.838450527250791     -2.599736141899602     0.2915158993395314     0.3738690107554923      5.876772215855936      -1.33197115368921
                    101     -1.342914114663296      1.081913778835963     0.2774761754770868     0.5948344110431298      2.976308292000989     0.9434456722383046
                    102     -2.354872484714975     -2.659981072605641     0.2905166055791047     0.3737001534006081      5.899651194207539    0.01065070744208052
                    102     -1.254036630549604     0.5100539723647213     0.2760278361776975      0.591172512846761      3.010458084393251      1.491072757520411
                    103     -1.364854888889789      2.879615239651539     0.2889637568500844     0.3715439898923735      5.965776201772037      2.741131193828585
                    103     -1.532799911458737     0.8765787485698997     0.2745112181541148     0.5876343258049183      3.045316566542214      1.022421463861533
                    104      -1.22793756064403     -3.108549045585172     0.2888611457941735     0.3692195223263952       6.00546703201032      1.619371697315742
                    104     -1.298900771353203     0.6107614533334811     0.2729047948639587     0.5841186941829954      3.081679197811052      1.569326387676245
                    105     -1.021378357472234      3.125846464252357     0.2880055526585391     0.3670808871053636      6.058399938250447      1.626556871240048
                    105     -1.315609109595681     0.9398719585523985     0.2713919480841231     0.5804556781338105      3.118413315811215      1.267388698423302
                    106       -1.0371645699084      2.972805907318246     0.2867143939747569     0.3649969474104035      6.120428715494263      2.374774635662915
                    106      -2.36347630790312   -0.02742347407232382     0.2700599391579883      0.577152167130859      3.151731428205147   -0.06660307862300388
                    107    -0.7845881698492159      2.600850124039019     0.2859084483899225     0.3627149615089855       6.17629618127464      2.119603375680421
                    107     -2.160164276979796   0.005159262207016013     0.2701164892926152     0.5752569468140267      3.161453002925591     0.1993513809774531
                    108     -1.038318610655972      2.561161187383625     0.2854818201127614       0.36053168606214      6.222983884463858      3.004451265816342
                    108     -2.467247891509053     -0.496684211864014     0.2703369831781552     0.5740093935769027      3.165739943929985    -0.7068956274591466
                    109    -0.8532393682205801      2.230558510526376     0.2850313259257424      0.359210960523185      6.255735818280867      1.978564164950981
                    109     -1.614550193941319    -0.5035759249079539     0.2697111115653549     0.5727426550696317      3.180104059780095     0.7077835093271763
                    110     -1.475775462625213      2.686977703611273     0.2837919624743911     0.3571656341078129      6.319035809539073      2.783167564797402
                    110     -1.665529624480656    -0.9922687121799139     0.2681902594281941     0.5719617420845602      3.202504273478614     -1.295224670629843
                    111     -1.445502335311608       2.59528719208986     0.2822604979468878     0.3552240130982435      6.388047740804566      2.976130022114426
                    111     -1.931403045755397    -0.7846373034405594     0.2672359960325824     0.5701433157711562      3.224190584107229    -0.9006338845072669
                    112      -1.16124570776852      2.695079451416232     0.2810300134405888     0.3531475458289559      6.453743136729284      3.239312727928318
                    112     -1.282608483710723     -1.034226202094925     0.2660098358884081     0.5688959629370661      3.246154240834108    -0.0559966420611294
                    113     -1.154224890145249      2.569191177252971     0.2797155138043687     0.3511304184780292      6.521320796876376      3.339077953469704
                    113     -1.389225548313254    0.00252934934121285     0.2655697297519291     0.5662823035909478      3.266541175158821      1.558693749106326
                    114     -1.658599389802493      2.924199385320609     0.2781530729206385      0.349234975757979      6.593545067926121      2.033220800841128
                    114     -1.622706234157596    -0.2749776880453343     0.2642487750823387     0.5630984273300433      3.301432341194183      1.100555767562275
                    115     -1.372970405288711      3.049380156616394     0.2766304895215717     0.3475521380026708      6.661937640605395      2.341821491557929
                    115     -2.863307096061007     0.7504568294892113     0.2637231133876998     0.5598857809942061      3.326994372294704     -1.095425210422947
                    116     -2.017651246156993     -3.009271344008088     0.2752469447929712     0.3456413795240828      6.732437587105609     0.5409017625831227
                    116     -2.236737051498568     0.7328794886453576     0.2636721006607249      0.556801112561471      3.346073103602023    -0.5993620040902998
                    117     -1.578457841442823      2.958711384192104     0.2741264197342119     0.3439023427503887      6.794140826902065      2.398485199145248
                    117      3.097946891836037   -0.04317137354286871     0.2634068214850326     0.5539010997078436      3.366979354829062     -2.260286658603176
                    118    -0.7454365876467914      2.388349043336048     0.2730991439270499     0.3420790588343011      6.856046357627325      1.830669226144438
                    118      -1.84052136089495     0.5599882943186802     0.2624109934839368     0.5508580690927262      3.398427095286148      0.343809915490857
                    119     -1.226854975349025     -2.176847001013019     0.2718394495006888     0.3413564866908441       6.90239693851037     -2.961329278176166
                    119     -1.621626276041577    -0.3979404501126678     0.2612160000997862     0.5478812718172484      3.432523098191591      1.039219008467594
                    120      -1.82345133291182     -3.069491144360471     0.2704731312635241     0.3399890598777809      6.965166481431113      1.178730860927253
                    120     -1.605270431899304    0.03625141557723666     0.2608031435107274     0.5450490911735465      3.455821140530593      1.381655650286887
                    121     -2.428630184733969       3.07269620071563      0.269263389610628     0.3382397429700684      7.032643921547234      1.565577400352516
                    121     -1.410100925215422    -0.8402769008719635     0.2597908159010291     0.5424926269713282      3.485636259102594      0.627781986642184
                    122     -3.087164103708291      2.650294707018205     0.2717463468756103     0.3365219219878923      7.003957428679908     0.3663665631077854
                    122     -1.524831655180219    -0.3272176510953746     0.2588598847734951      0.539979109638652      3.514454998113031      1.465099391431644
                    123     -2.668015414276435      1.905743793136496     0.2729327479721294     0.3353650847658793      6.997567223427107    -0.4255255372046522
                    123     -1.153157097625709     0.2907255235983062      0.258077470292554      0.537198584245153      3.543355658382051      1.231518908838797
                    124     -2.009343934122673      2.807249738747244     0.2722580699225042     0.3341599578591716      7.040206599082284      1.689435001527635
                    124     -1.100681778478481    0.04893022744278497     0.2569724475232428     0.5343477677053299      3.577578222420258      1.319175736504254
                    125       -2.1797452586361      2.048215821486292     0.2714766128355521     0.3325531528376744      7.094586388145842    -0.2732237835055538
                    125    -0.6283384472495799    -0.7041023835063664     0.2564168617390246     0.5317674052470894      3.602727415034495    -0.6248014239760948
                    126     -1.903293362163353      2.602388028847142     0.2715895637318265     0.3320708488079642      7.101935817676064       1.88135962851424
                    126    -0.7582114330882379    -0.6839096925410755     0.2559470160912693     0.5292684193836861      3.626382804502218     0.1573285596101577
                    127     -1.684659386505065      2.597207872734812     0.2706391742588299     0.3304901189326184      7.160963065819743       2.56263950221353
                    127     -1.801688443929783    -0.9767899385952568     0.2550433146372336     0.5269192705465663      3.655456941977009    -0.6204354881044637
                    128     -1.243629325878948      1.852785757339682     0.2698141272908185     0.3289755624985051      7.215928966808479      1.415848385134344
                    128     -2.336067526575576    -0.3493841998480689      0.255007352240911     0.5242926988394015      3.674287935175764    -0.4841585380265834
                    129     -1.059688329855106      2.058872975685792      0.268685704806907     0.3279350938142788      7.269225093572979      2.108273118682042
                    129     -2.765513606148189    -0.5065389940238187     0.2546929340532684      0.521814863488232      3.696292717359213     -1.068613444161824
                    130     -2.568665628826679      3.021484106633137      0.268058369954838     0.3264180552739573      7.320100227370246      1.678180096875229
                    130     -2.004865284101155    -0.8434919625528128     0.2546228568272876     0.5193983693716656      3.714511696365373    -0.7994637333963017
                    131      -2.44481109981912      2.451447429471745     0.2681534130063234     0.3248710328951197      7.352351383649308       1.42491500204541
                    131     -2.730858625112699    -0.5762242425542192     0.2549280000260358      0.516951906390011      3.727623307214431    -0.8168371925595191
                    132     -2.235186018961569      2.298498237469332     0.2672710218674687     0.3233343451986961      7.411683408869592      1.072999109669197
                    132     -1.969641984979453    -0.2892668730642103     0.2548744075590759     0.5143504997952318       3.74726410615346      0.365982990011093
                    133      -2.34272021290104      2.774591896686412     0.2666091081691769     0.3217761866481257      7.466063685732747       1.94362135806969
                    133     -1.450912633884135     -0.927540452824438     0.2546996653975599     0.5119905238506797      3.767119536379401      0.487950492095901
                    134     -1.249247306816565      2.941509945124105     0.2655990334237168     0.3202000700368407      7.531347039891333      2.734751100600723
                    134        -2.065459867752     0.1877291114296789     0.2539962757429439     0.5095983686181047      3.795284360415465     0.3934663791198614
                    135     -1.199164957843919     -3.010014839195504      0.265068365907486     0.3190269646224144      7.574174042536947      1.306271690295999
                    135     -1.470344105346757    -0.7729768741143741      0.252927801744838     0.5072005621329361      3.829335367804222     0.9735503435767269
                    136     -1.487685877580464       3.07345650425211     0.2643637210948288     0.3175461536303282      7.629777268650608      2.280601167073209
                    136    -0.9395289251316266    -0.3070804148524955     0.2520900746225701      0.504727472963885      3.860886255613204     0.9431142839703277
                    137     -2.903265883898928      2.405762770901538     0.2638372620403602     0.3160640420670436      7.680851197380187     0.6164421817917436
                    137     -1.607569956557753    -0.6338315041068219     0.2516762074038057     0.5022901055354144      3.886001058859059      1.032881250420528
                    138     -2.795278943875945       2.20683927543842     0.2636976838480581     0.3146062143489279      7.720527259755706     0.5559768992048486
                    138      -1.44796179604918    -0.9110163244650407     0.2509457881811767     0.5000286002475421      3.914938482407324     0.6925531968406122
                    139      -2.91653674851469       2.00827104175365     0.2635164898829447     0.3133572018224522      7.756630355059248    -0.2356063005266609
                    139     -1.423147290100494    -0.8984839428138982     0.2500808432206708     0.4977386680459316      3.946552570851683     0.8235342817561079
                    140      -2.54402575822297      2.676315901734251     0.2631609140001117     0.3119509203825608      7.802125205965492      1.913498980065832
                    140     -2.961980354374173    -0.1459089989314526     0.2500619048594991     0.4954465531911437      3.965111023407927     -1.261281124764653
                    141     -1.825621767752536      1.939257221489146     0.2622465032207861     0.3105970781670071      7.863456721443739    -0.1864219276579695
                    141     -2.609734992459006     -0.250155737197431     0.2512588353624846     0.4931663647631939       3.96446791404809     -0.222956324230895
                    142     -1.278651455353984      2.149645572144948     0.2613147344548074     0.3094146810649475      7.921651969974934       2.26644926484628
                    142     -2.395358803093983   -0.06139050511193567     0.2510601614137978     0.4908637606659763      3.986216886316502      0.173454663420798
                    143      -1.27664546103868       2.17424818605248     0.2611793801848233     0.3080951363357387      7.959702637818863      2.416787145127835
                    143     -2.685358013739153    -0.1814807267850029     0.2511705489558287     0.4886912237691253      4.002178403120968   -0.09341079017242901
                    144      -1.18811181293946       2.43624405890364     0.2608148376736515     0.3071346747460333      7.995754077997757      2.986222379348168
                    144     -1.357266614103489    -0.3009556621842839     0.2503661156977603     0.4865314465477327      4.032860793828115      1.650348300069311
                    145     -1.400739647905201      2.823537882976241     0.2602802498581009      0.305760471149554      8.048186264223343      2.923125746578315
                    145     -1.484472016036927     -2.773192343957012     0.2502703393235379     0.4866383576864295      4.033517804901874   -0.09328136209259438
                    146     -1.513113639580691      3.027991242657453     0.2596698684327836      0.304491129556045      8.100733962883096      2.341839691624438
                    146     -1.275168577553947       3.01602494264633     0.2501945915841194     0.4919777194988591      3.990950545295411      2.563866336674001
                    147     -2.392618391370817      2.726511621499693     0.2587461500517073     0.3032007243764552      8.164252761209413      1.841883513528524
                    147     -2.405615317369775     -2.210860867130553     0.2492204779430354     0.4937463700905388      3.992197866652203     -2.631907067541904
                    148      -1.97951323685368      2.574774150146111     0.2581419564252814     0.3020183154319386      8.215399643028688      1.773240932295441
                    148     -2.450162240907322     -2.343379279934541     0.2488479507078975     0.4937401606361055      3.998224499066334     -1.799641417362411
                    149      -1.26800745151225      2.444455373684556     0.2575882393407166      0.300705999654522      8.268989663410869      3.051310775946984
                    149     -2.447347531283904     -1.849122623646265     0.2483545476479444     0.4930709819009926      4.011604755746969     -2.704413649193638
                    150     -2.804891154754093     -3.101677829499566     0.2577716639428478     0.2994676672430041      8.297274502776263      1.109383378459171
                    150     -1.552275428434871     -2.682855945218671     0.2477401080458331     0.4919419095261717      4.030784254227169    -0.5276799586434926
                    151     -2.708455347757254      2.437264703532406     0.2583512196689106     0.2982162278739777      8.313402048815981      1.592212864355221
                    151     -3.130969120732008      -1.29118879989069     0.2471384111314283     0.4902775590876904      4.054314486013245     -2.729411275813584
                    152     -1.737133925225231     -3.104584261294474     0.2575295469905232     0.2973833303576777      8.363284836283434      1.546248149716962
                    152     -2.005563790848729    -0.3988679799547943     0.2466785561310825     0.4893183753627797      4.069834750866558       0.10160152303247
                    153     -1.742242199426695      3.113136827197369      0.257073099739663     0.2962172892109262      8.411114313313572       1.89648593680644
                    153     -1.099238841761161     -0.982972276558109     0.2465109895167749     0.4874736784734617      4.088012762931916     0.1934123578174053
                    154     -2.248962238741509     -3.069622591527202     0.2566207390525222     0.2952939366717639      8.452288102411375      1.265409559338212
                    154    -0.9624005565736664    -0.4687254783634867     0.2467081845313448     0.4856399570791383      4.100168729609942      0.866250530861791
                    155    -0.9722230535512528     -3.123534406806688     0.2564147954450203       0.29413509080775      8.492404119500891      1.304657025588531
                    155     -1.308418905907337  -0.007980376063267069     0.2458156087029909     0.4847772504241697        4.1223798951387      1.440335158843958
                    156     -1.514056999897221      3.040497185279357      0.256049734853812     0.2929755717249533      8.538170675760323      2.459959419011283
                    156    -0.9427376965262635    -0.1807309587279931     0.2456967486245399     0.4830484276600117      4.139135238774435      0.803339384980183
                    157     -2.809777717935939      2.738152830491702     0.2555662021258666     0.2920593246504248      8.581161529980628       1.69956488739346
                    157     -1.888096854030113    -0.5515876118393037     0.2451294855702283     0.4815689006565295      4.161459880126271      0.247495643354342
                    158      -0.97046620511441      2.452230382338267     0.2552011801078415     0.2908975346264554      8.627755990916596      2.510741079299777
                    158     -2.642962528225314     0.3678235029160195     0.2448549403395621     0.4808224952976741      4.172593235147012    -0.2849852602276743
                    159      -1.58716262305415      2.718938525650299     0.2554030636332005       0.28976724228461      8.654563779542174      2.759653465877078
                    159     -1.820337115221082     -1.000693905335527     0.2446842876774057     0.4790184999491887      4.191228416950484    -0.4052607065164163
                    160     -1.154169991383674      2.316162297558694     0.2545568312234803     0.2886678569360427      8.716404749755799      2.719008352245536
                    160     -1.657357773949566     -2.047515886064208     0.2440495688213497      0.477210222705668      4.218051864303872     -2.482514851361767
                    161     -2.417440514714298      2.384557686878959     0.2541127054473222     0.2878477910651903      8.756514916635089      1.431101347877761
                    161     -1.501051287043505     -2.639233487822688     0.2434485052673822     0.4777046893405781      4.224089210518744    -0.5415962195952289
                    162     -2.744181310698172      2.295075015457233     0.2540608890311408      0.286754755770557      8.791685219566077      1.254772860225384
                    162     -1.860455828077309      -1.90172476867487     0.2426887944090835     0.4772530189574058      4.241322437757818     -2.486007833146911
                    163     -2.684344897793808      1.370884210236921     0.2542522349850586     0.2863606037801852      8.797160675047298     -1.665901670751393
                    163     -1.691601538561957     -2.590302568641446     0.2421831321272951     0.4766467047381234      4.255584438413843    -0.7223001032853981
                    164     -1.750285902041874      1.335528026662637     0.2537319090843961     0.2875250072109202      8.779501608409356     -1.345445168439876
                    164      -1.45492051801065      2.847942766050348     0.2415821771606859     0.4779863659197693      4.254213670025629      3.017241531229679
                    165     -1.388886514585424      2.264544324154072      0.253363303612735     0.2867425048774246      8.816268028033569      2.611244797885976
                    165    -0.8086346745231023      2.538886601016891     0.2412963822373362     0.4795916972111945      4.244995479819567      1.993327670274861
                    166     -1.745813143606836      2.247393122984843     0.2533330596797485       0.28567311090823      8.850327469696319      1.493029295736304
                    166     -1.030828940956434      2.984318145135231     0.2410449218484052     0.4812784502559895      4.234530798797978      2.352574750594413
                    167     -1.687664672046646      1.987459569688553     0.2528146318662696     0.2849349916869375      8.891449801563187     0.8412407832511457
                    167     -1.340945265662475     -3.038052133090888     0.2406049642294862     0.4818404953757829      4.237325419393134      1.824779361537946
                    168     -2.214285313148189      2.357436841240092     0.2519991209747639     0.2838628753169121      8.953914632471946      1.207471673035551
                    168     -1.456201235110604      2.799338051502999     0.2398379665884089     0.4818727572485267      4.250591711797599      3.095921084161944
                    169     -1.540830998715311      2.181671366494884     0.2513148997905227     0.2828948302708874      9.009015295865609      2.156466912662055
                    169     -1.452616148859425     -2.688842580593832     0.2389874847741568     0.4812107063159757      4.271587026264649    0.03774713028400351
                    170     -2.809555692401791      2.418468604115313     0.2511996471409106     0.2819489430379014      9.043386181376444      1.474839890719011
                    170     -1.638050930459004       2.24917167027053     0.2382697883942173     0.4804858406984408      4.290917112698538      2.148878056223139
                    171     -1.982386515541289     -2.889209272290973     0.2509352182024236     0.2826319073838267      9.031039994439347     0.4991316130996087
                    171     -1.300728236757419      2.947790122696566     0.2377205243443475     0.4807128565101736      4.298800411045908      2.909100676665761
                    172     -1.252695706778497      3.112934874162893     0.2504309942662994      0.282234674088067      9.061959709751134      2.387064366211178
                    172     -1.024092826113159      2.318587912806823     0.2370803363848862     0.4799339653322801      4.317403879355945      2.579836279819701
                    173    -0.9500438583081205      2.522727288827123     0.2502133722916328     0.2813166256323629      9.099439822179926      2.598037897907222
                    173    -0.7559508551405569      2.620993699936595     0.2370845445213083     0.4798094384848983      4.318447740588556       1.58516298339359
                    174    -0.7818706448422308      1.500542168489442     0.2503793885279763     0.2804847892404977      9.120374760509749     -1.170400340237175
                    174     -1.467779610411588       2.52872987250972     0.2363381249201328       0.47835488564277      4.345259313341383      3.027380114569124
                    175     -1.495956400069673      1.494285892486327     0.2501114462682044     0.2801335893102525      9.141591687713456    -0.1470952312261404
                    175     -1.227037395396302      2.307393506915152     0.2355211400181989     0.4769242169116827      4.373412364913745      2.912309535289107
                    176     -1.461446200935466      2.427137703581585     0.2497130660847556     0.2794784304830184      9.177639829299888      2.936657672363062
                    176    -0.8949402359557119       2.67304698927798     0.2347178455457427     0.4756009912756702      4.400589288466422      2.444261447452641
                    177     -2.241300302283423     -2.782036690508921     0.2488871631248647     0.2794874502327588      9.207797586412198     0.1050976506987935
                    177     -1.577462150763935      2.295462309802901      0.234044435157977     0.4742301175163892      4.426008538117152      2.470785527282746
                    178     -1.763799857589688     -3.021519532857799     0.2480334744601206     0.2790203811985099      9.254955783916719      1.435366319692154
                    178     -1.251805082670874       2.64495276537534      0.233300272616541     0.4731057749748063      4.450678288637585      3.315472799610715
                    179     -2.699725314740623      2.940033523439858     0.2481656591073398     0.2781155192040078      9.280121558793619      1.641160858860738
                    179     -1.198708970146629      3.005352843455115     0.2328348641380584     0.4717479257995485      4.472410806943948      2.718079079515712
                    180     -1.145533494126219      3.080158211049741     0.2478421541398318     0.2774015371820783       9.31615132731668      2.399199048349279
                    180     -1.176045544265758       1.96431717409426     0.2322192507922251     0.4704346169964155      4.496785865282826      1.934069073438477
                    181     -1.214021225459775      2.926994117765291     0.2473518394518717     0.2765131764208337      9.364607885467068       3.00635252144136
                    181     -1.575672343337075     0.7395686394546246     0.2315993045766619     0.4710712295190753      4.502729595993429    0.04947247192289275
                    182     -1.362453889033865      2.871225667655941     0.2468588021838774     0.2756241147548068       9.41357839163412      3.161811108751778
                    182     -2.411625381344581     -0.133082420857991     0.2311582030473894     0.4749189176857868      4.474772077886591    -0.2038089927001671
                    183     -1.722846550237911     -2.926209869531061     0.2462957798452114     0.2747348013858929      9.465638757887055      1.188360822345127
                    183     -1.815636108806724    -0.4516725891522917     0.2313822165265391     0.4798778137052014      4.424243789781883     0.3617098600852172
                    184     -1.230190320938574      2.645651224285386     0.2462075707169374      0.274033214828601      9.493272868329827       3.33817636765559
                    184     -1.273088304459098   0.001379712214570006     0.2306490780146649     0.4814891563308617      4.423453486127821      1.026403301438088
                    185     -1.149887993443058      3.017165120951208     0.2457168953726326     0.2731309333556183      9.543653535010371      2.772694653004676
                    185     -1.350667727750974    -0.1553628718217768     0.2298474671828958      0.482752758183906      4.427261884606318      1.192119110599792
                    186     -1.423816125975728      2.985828088205867     0.2449996934994604     0.2722887902255027      9.601194539101414      2.957298010139634
                    186     -1.355961113116901    -0.9061417175405064     0.2290747808771386     0.4865987331592521      4.407085182445333     0.4198008310337526
                    187    -0.5479368774457591      2.060392784900428      0.244325932827176     0.2714855434439186      9.656156566349894    -0.9487644981297487
                    187     -1.301398761273974     0.0876216533798182     0.2283697462788932     0.4880334754651457      4.407694816104772      1.153116980139512
                    188     -2.235404065615159      2.501363267537115     0.2437500500677325     0.2706418004567238      9.709144961597865      1.330163501448644
                    188     -1.651906949482098     0.1557703655896354     0.2276589705974656     0.4883361777472678      4.418715407372134     0.7512400554228315
                    189     -2.759991797823155      2.850243448453987     0.2442948625033695     0.2697434208597178      9.719756343194948       1.64763668921956
                    189     -2.370248736810986   -0.08257169657090069     0.2277294665659119     0.4880904737460281      4.419571235185545     -0.104659778585162
                    190     -2.136750180491731      2.438213463729845     0.2439485269644162     0.2689063493329618      9.763854883564731      1.269838356677699
                    190      -2.09301755021482    -0.4170327343210647      0.227933867303788     0.4881253206300906      4.415292737677345    -0.1570138826976222
                    191     -2.354292751133262     -2.949681350099046     0.2440900318260731     0.2680483948946471      9.789428030044306     0.7891774185331826
                    191    -0.7483047070725313    -0.8444215089004525     0.2273366971250114     0.4876122666012176      4.431548739535532    -0.6031751167337741
                    192      2.874913253716916      2.108927891520738     0.2451847618566429     0.2674825494295887      9.766335592992414     -2.954889257855671
                    192     -1.395967450964936    -0.5927053197889363     0.2268840887256636     0.4873285213714212      4.442974584164819      1.125380796161137
                    193     -2.990647619001795      2.722735250390374     0.2453143718698896     0.2673902379992977      9.764545484195555      1.012339446376714
                    193     -1.319982973844237     0.3620035075853885     0.2262157701789597     0.4863813613612827       4.46477828241389     0.9599196176217013
                    194     -2.743617086608385      2.663214265429939     0.2453687203380002     0.2665808314589618      9.792023717706494      1.916516234677614
                    194     -1.495620785548285    -0.4548748728855307     0.2255868329950987     0.4857374159842109      4.483161594831998      1.302722464720433
                    195     -2.464438769847236      2.143346097718963     0.2451582816453524     0.2656846189074501      9.833487982795223     0.9045110571038352
                    195      -2.70141670119089     0.1487782456995079     0.2259434116372815     0.4846267336286306      4.486344804888977    -0.4021528585544429
                    196     -2.536119047441194      2.490432282813261     0.2446400606576254     0.2648989373600032      9.883545842551376      1.976840980645383
                    196     -2.217597201610566    0.05681284563600819     0.2267135950158637     0.4830748705932607      4.485467236288816    0.07332194961177119
                    197     -1.809826825408895      2.000376900903051     0.2442344508212392     0.2640654272630799       9.93120859645561     0.5810074899112647
                    197      -2.34499969767073     0.1965444880666603     0.2266616739242615     0.4816856842172867      4.499433812424439    0.09106525922919256
                    198     -2.850648843551838      2.457985304015551     0.2437623275366966      0.263737297593044       9.96282341958738      1.572771875743071
                    198     -1.242680200177446    -0.1481045768059053     0.2263476311081292     0.4801086931379752      4.520476077777174      1.364564644178197
                    199     -2.759543534054027      1.247549565545254     0.2434172505535538     0.2636229133669778      9.981276004566006     -1.695730206010838
                    199     -2.508511012016148  -0.003730219220835274     0.2262518693675759     0.4786740386827389      4.535943628839025      0.146562701082003
                    200     -2.594693446110546      2.017675198792395      0.242843110006888     0.2632769666539465      10.01802061818198     0.6643520429499292
                    200     -2.279395632813636    -0.3537076352250779     0.2261222423387012     0.4775116702537778      4.549591721815229   0.008105696999733823
                    201     -2.592473499966236      2.174318140925399     0.2423450404834115     0.2629659289037694       10.0504834672425      1.419423404431543
                    201     -2.349955357717612    -0.3540635287559897     0.2258589210675218     0.4769139213430063      4.560604900131133     0.1059442656141956
                    202     -3.017994133401654       2.64216563167566     0.2419306216496925     0.2623186539746128      10.09254178860333      1.121718523464453
                    202      -2.43975890748378    -0.4257163174312635     0.2257528700032067     0.4754573742383463      4.576725135570301    0.04791243430744403
                    203     -1.721617151785406      3.032292214589573     0.2413532926528457     0.2618040895886759      10.13656754235618      2.185418497152118
                    203     -2.024753222179765    -0.8811851211097883     0.2253742832179174     0.4745772083242041      4.592915578493885    -0.6977599933881493
                    204     -2.254997440880564      2.162641456085856     0.2407269698334758     0.2611444292238901      10.18861279776153     0.9806032845805747
                    204     -2.697176920919166    -0.4821972105985122      0.224940378036583     0.4732898303394599      4.614292331307575    -0.4255010081748353
                    205     -2.855798074165104      2.420145442263781     0.2400359434952673     0.2603581949110484      10.24880056736776      1.687069191383357
                    205     -1.828385990168227    -0.2540807317752809     0.2245642044631842     0.4717798128526602      4.636815482622191     0.6968754727457771
                    206     -1.528144046643012      1.814450738264943     0.2400337505383505     0.2596170343056827      10.27815297668961     0.8610225475970777
                    206      -1.77692992105123     0.3962831115460776     0.2243461133463668     0.4703305883128165      4.655624277271348     0.1569621260811641
                    207     -1.060958625088448       1.75010845160803     0.2410032125664523     0.2591952422799651      10.25346647179104     0.6785125874693229
                    207     -2.045803532379143      1.371116573600252     0.2236802136454284      0.469039150519726      4.682340960122158     -2.459151379140342
                    208    -0.6789285932740117      2.229342963538429     0.2420505853135345     0.2583991768570416      10.24055064756384     0.5818268931116899
                    208     -2.124092502065225       1.47449925514721     0.2230776675818618     0.4687458089200755      4.697926370244707     -2.223443437720863
                    209    -0.7410159304982304      2.182369041439149     0.2428286097571847     0.2576241429319464      10.23844872042825      1.044697456068909
                    209     -1.664408389839858     0.3111266387386049     0.2224927127759466      0.467946227125398      4.718326144242882     0.6282867868219242
                    210     -1.357756714766363      2.091955237339779     0.2431907604739032     0.2568586116156873       10.2536708296309       2.20780923768731
                    210     -1.333622187125074     0.5018268103384358     0.2221311029392831     0.4665108305664471      4.740548506799108     0.7121521198555151
                    211     -2.524405644506302      2.824286669039579     0.2428587767100274     0.2561191066441475      10.29733380699467       2.03249657994579
                    211     -1.549019625524129     0.8567103512456882     0.2220301590180377     0.4654003866173815      4.754019829700285    0.05159645958101502
                    212     -2.254780431962878      2.491407715357245     0.2424698254756855     0.2555682046012831      10.33608449685561      1.747387414674495
                    212     -2.182300334292132      1.131661456562852      0.221458361628501     0.4642583400367418      4.778019322501894     -1.870935226800861
                    213     -2.435363400009948     0.9221434930952057     0.2420453678635611     0.2556736418006928        10.349940176814     -1.218170578442696
                    213     -2.123720463706191      1.093024381196345     0.2210196886756714     0.4630590201112292      4.799902186878279      -1.56586881420474
                    214     -2.133998996050553      1.590413453642775     0.2413807604872759     0.2556922988979707      10.37767997242977     -1.535787593253561
                    214     -1.245818083069649     0.9305097671741027      0.220803905895505     0.4618418227855682       4.81725558034099    0.02213169131126357
                    215     -2.243529265604852      1.044987406918551     0.2406990232017875     0.2564590142193208       10.3759597036182    -0.9723214802611473
                    215     -1.259800204490951     0.6620013231211583     0.2207457481075366     0.4604413762516548      4.833180427384936     0.5413882949371169
                    216     -1.145245135198126       1.41784289207406      0.240395642162726     0.2565597688495129      10.38497431206758    0.01855129120427977
                    216     -1.165766967267126      0.397446453184374     0.2205590665249486     0.4590461276565008      4.851973892763263     0.7011407001688635
                    217     -1.352025624662206      2.397322416716461     0.2405465624472543     0.2559615089329069      10.40271633541305      2.942377616560191
                    217     -1.611812833675437     0.9097234519006374     0.2202655509794002     0.4576374071809144       4.87339487689152  0.0007142029603189805
                    218     -1.268491830048739       2.41029392859539     0.2408715170288296     0.2553128828581475      10.41507485225865      3.052362700844705
                    218      -1.65459124947745     0.5458951746402843      0.219674454684004     0.4562569172085083      4.901293162279384     0.4951677013791862
                    219     -2.311669148873158       2.16066883256683     0.2402847250105428     0.2547113396562852      10.46516618907709      1.224846266663215
                    219     -1.483187185529562      1.248209774534002      0.219133833660571      0.454933156264354      4.927681981325814     0.1382001572416574
                    220     -2.709885760079044      2.213240518179267     0.2401751110434873     0.2541035601980017      10.49498501409242      1.494791013629597
                    220     -1.560816308733068      0.992514112014927     0.2187574611620272     0.4538588649116139      4.947844036198154     0.2278055512709991
                    221     -1.918190996503103      2.150245341224879     0.2395874852078841     0.2533700732004819        10.551182305303     0.8966619320750612
                    221     -1.329069209000171       1.09184104347683     0.2183912878654332     0.4526156813284175      4.969752865377306     0.4697855530100208
                    222     -2.000401053645181      2.535774720010717     0.2392201086364816      0.252776469672982      10.59220178145308       1.63354771118573
                    222     -1.480448772073649      1.341794717171076     0.2178687318692558     0.4514091836596316      4.994987465590741     0.3594549301679249
                    223     -2.967989710876386       2.57557743683962     0.2388045424941802     0.2523212353929785      10.62977781450473      1.372508603246759
                    223     -1.456181141574967    -0.2551536197003696     0.2173068181281723     0.4502777991889372      5.020486586532247      1.224953121577159
                    224     -2.130439068076782      3.128417885079945     0.2383213698152994     0.2518953600468309      10.66933664937247      1.077310316468109
                    224     -1.164603813679432 -0.0005311430192387334     0.2167567501564473     0.4491787029412004      5.045542989920675      1.045764774013439
                    225     -2.972533795438426      2.902906020013618     0.2380240681748187     0.2515784035603776       10.6961218640914       1.02034601913639
                    225     -1.006315907781102     0.8907176555815939     0.2162411365416487     0.4479046437222872      5.071959981141202      -0.53669729650743
                    226     -2.950494021938394      2.013230556587975     0.2377574647134825      0.251047156759597       10.7307753919989    -0.1257298893909954
                    226     -1.979031715783002     0.6113908862428703      0.215720606380428      0.446984999892991      5.094658956661189    -0.4827036186260542
                    227      -1.32374207781547       2.06951453698132     0.2375034136850235      0.250543768647664      10.76383696099516      2.165738169568634
                    227     -1.165003668928579    -0.2908830622098861     0.2154412235471576       0.44586017694001      5.114135230563702      1.123120264097856
                    228      -1.09219205171032      2.081371819359367     0.2384374281141876     0.2498667390307265      10.75072357255082      2.100116567630568
                    228    -0.9379267753394069    -0.4692813164561063     0.2152153625351819     0.4450904347533391      5.128356036424066     0.4220824835774922
                    229     -1.067389605169581      2.293510847390498     0.2388437591582774     0.2492165294832377      10.76043506591017      2.594164285268622
                    229     -1.185311504252506    -0.2083312070036722      0.215009595106671     0.4444860635817808      5.140243689651838      1.268372721326299
                    230     -1.278571219040748      1.806281315347205     0.2387332329999426     0.2485945434241006      10.79235199866242      1.545438799365625
                    230     -1.255890722993658    0.03610759528279406     0.2145952886864054     0.4434563910677587      5.162125957266709      1.342956569737483
                    231     -1.224413234544559      2.259977557332582     0.2383658246648494     0.2480240633782176      10.83384868038714      2.833555304697208
                    231    -0.7638584568848921    -0.5366633144170545     0.2141013269062204     0.4425655442099379      5.184450600124784    -0.2649545039845654
                    232     -1.285074478000087      2.476193126510871     0.2382538158789493     0.2473836264264187      10.86700223098206      3.163649157226335
                    232     -1.058241583574013    -0.4572549501694994     0.2137025363698178      0.441566786733642      5.205873637141496     0.9769986499193248
                    233     -1.119014350064923       2.23989449837694      0.237914347892918     0.2467999642909394      10.90824406726608      2.773268587535704
                    233      -1.27127715618286    -0.3725285327826136     0.2132655861234793     0.4405744675130306       5.22828908742119      1.405570782579091
                    234     -1.144642496646615      2.651194002248533     0.2375291016322079     0.2461708212179242      10.95385965361977      3.151673724829267
                    234     -1.125151180789895    -0.2435639728920247     0.2127347293100355     0.4394735311537912      5.254465928758524      1.313435336127267
                    235     -1.582876964690884      2.663653208744226     0.2370021823659729     0.2455691026688981      11.00511295569504        2.7445212160306
                    235    -0.7564989866622565    -0.7541565973909128      0.212243542006712     0.4383682675630486      5.279904955744319    -0.3608338587677851
                    236     -1.224472203181286      2.679297527118595     0.2365543895471506     0.2450181554592194      11.05073833183518      3.319507761856486
                    236     -1.213966788596547    -0.3298448243109879     0.2117414593856797     0.4373570972259683      5.304660792821932      1.474696380749251
                    237     -1.039672738004383      3.012633685994467      0.236240342251078     0.2444523305173371      11.09104143321439      2.285136423181844
                    237     -1.061336112889383    -0.4210551643339202     0.2113396851691957     0.4362541311438327      5.328182476752239      1.210103337097911
                    238     -1.358918563442381      2.330202871342092     0.2360331323435747     0.2438543546276643      11.12799924722266      3.067897677122541
                    238     -1.280954112829089    0.04628096377255098     0.2110210747691982      0.435195545406507      5.349207275337729      1.493066572759723
                    239     -1.212608184223704      -3.08363483417237     0.2354623275274989     0.2432986704553485      11.18045310938828      1.981575482380496
                    239     -1.358298734241686    -0.4366590763936866     0.2104818192722928     0.4340139222840573      5.377512749401291      1.478211357881794
                    240    -0.7618911874071865      2.381140320282013     0.2350421932647905     0.2427090190276726      11.22764899177739      1.433671716483524
                    240     -1.955187678261703    0.07966266548325773     0.2104479563799468     0.4328152045655704       5.39327390305706     0.1373611171969644
